# OBJ created with rayvertex
v -0.043621 -0.388889 0.017822
v -0.046337 -0.388889 0.008816
v -0.047718 -0.444445 0.009079
v -0.044918 -0.444445 0.018353
v -0.047192 -0.388889 0.000000
v -0.048595 -0.444445 0.000000
v -0.041019 -0.277778 0.016762
v -0.044376 -0.277778 0.000000
v -0.038418 -0.166667 0.015697
v -0.041569 -0.166667 0.000000
v -0.035824 -0.055556 0.014637
v -0.038754 -0.055556 0.000000
v -0.033222 0.055555 0.013577
v -0.035938 0.055555 0.000000
v -0.030621 0.166667 0.012512
v -0.033131 0.166667 0.000000
v -0.028027 0.277778 0.011452
v -0.030315 0.277778 0.000000
v -0.027012 0.388889 0.005138
v -0.027508 0.388889 0.000000
v -0.025425 0.388889 0.010387
v -0.024342 0.472222 0.007175
v -0.024937 0.472222 0.004745
v -0.025631 0.444444 0.004875
v -0.025013 0.444444 0.007374
v -0.023472 0.472222 0.009590
v -0.024128 0.444444 0.009857
v -0.025288 0.472222 0.002342
v -0.025394 0.472222 0.000000
v -0.026096 0.444444 0.000000
v -0.025990 0.444444 0.002407
v -0.031002 -0.277778 0.031429
v -0.032963 -0.388889 0.033421
v -0.029041 -0.166667 0.029438
v -0.027073 -0.055556 0.027447
v -0.025112 0.055555 0.025455
v -0.023144 0.166667 0.023464
v -0.021183 0.277778 0.021473
v -0.022816 0.388889 0.015202
v -0.019215 0.388889 0.019482
v -0.021648 0.444444 0.014427
v -0.018230 0.444444 0.018486
v -0.017117 -0.388889 0.043530
v -0.025471 -0.388889 0.039322
v -0.026234 -0.444445 0.040493
v -0.017628 -0.444445 0.044827
v -0.033947 -0.444445 0.034420
v -0.016102 -0.277778 0.040936
v -0.015079 -0.166667 0.038342
v -0.014057 -0.055556 0.035748
v -0.013035 0.055555 0.033154
v -0.012020 0.166667 0.030560
v -0.010998 0.277778 0.027966
v -0.014851 0.388889 0.022919
v -0.009975 0.388889 0.025372
v -0.015804 0.472222 0.019680
v -0.017742 0.472222 0.017986
v -0.016239 0.444444 0.020226
v -0.013706 0.472222 0.021164
v -0.014088 0.444444 0.021748
v -0.009472 0.444444 0.024075
v -0.000004 -0.388889 0.046711
v -0.008457 -0.388889 0.045956
v -0.008709 -0.444445 0.047325
v -0.000004 -0.444445 0.048103
v -0.000004 -0.277778 0.043930
v -0.000004 -0.166667 0.041145
v -0.000004 -0.055556 0.038361
v -0.000004 0.055555 0.035576
v -0.000004 0.166667 0.032795
v -0.000004 0.277778 0.030010
v -0.004932 0.388889 0.026787
v -0.000004 0.388889 0.027225
v -0.002247 0.472222 0.025040
v -0.004551 0.472222 0.024731
v -0.004681 0.444444 0.025417
v -0.002308 0.444444 0.025734
v -0.000004 0.472222 0.025139
v -0.000004 0.444444 0.025837
v -0.006886 0.472222 0.024197
v -0.009212 0.472222 0.023426
v -0.007076 0.444444 0.024868
v 0.017849 -0.388889 0.043240
v 0.008831 -0.388889 0.045887
v 0.009090 -0.444445 0.047253
v 0.018383 -0.444445 0.044529
v 0.016788 -0.277778 0.040665
v 0.015720 -0.166667 0.038086
v 0.014660 -0.055556 0.035511
v 0.013592 0.055555 0.032932
v 0.012531 0.166667 0.030357
v 0.011471 0.277778 0.027782
v 0.005146 0.388889 0.026745
v 0.010403 0.388889 0.025204
v 0.007183 0.472222 0.024113
v 0.004749 0.472222 0.024696
v 0.004879 0.444444 0.025379
v 0.007381 0.444444 0.024780
v 0.009609 0.472222 0.023270
v 0.009869 0.444444 0.023914
v 0.031658 -0.277778 0.030785
v 0.033665 -0.388889 0.032734
v 0.029652 -0.166667 0.028835
v 0.027645 -0.055556 0.026882
v 0.025639 0.055555 0.024933
v 0.023632 0.166667 0.022984
v 0.021626 0.277778 0.021030
v 0.015278 0.388889 0.022636
v 0.019619 0.388889 0.019081
v 0.014500 0.444444 0.021481
v 0.018620 0.444444 0.018105
v 0.043949 -0.388889 0.017010
v 0.039661 -0.388889 0.025303
v 0.040844 -0.444445 0.026058
v 0.045254 -0.444445 0.017517
v 0.034664 -0.444445 0.033710
v 0.041332 -0.277778 0.015995
v 0.038708 -0.166667 0.014980
v 0.036091 -0.055556 0.013969
v 0.033474 0.055555 0.012955
v 0.030857 0.166667 0.011940
v 0.028233 0.277778 0.010929
v 0.023121 0.388889 0.014748
v 0.025616 0.388889 0.009914
v 0.019840 0.472222 0.015694
v 0.018116 0.472222 0.017616
v 0.020390 0.444444 0.016129
v 0.021351 0.472222 0.013618
v 0.021938 0.444444 0.013996
v 0.024303 0.444444 0.009407
v 0.047184 -0.388889 0.000000
v 0.046413 -0.388889 0.008408
v 0.047802 -0.444445 0.008656
v 0.048595 -0.444445 0.000000
v 0.044376 -0.277778 0.000000
v 0.041561 -0.166667 0.000000
v 0.038754 -0.055556 0.000000
v 0.035938 0.055555 0.000000
v 0.033131 0.166667 0.000000
v 0.030315 0.277778 0.000000
v 0.027058 0.388889 0.004898
v 0.027508 0.388889 0.000000
v 0.025295 0.472222 0.002235
v 0.024982 0.472222 0.004524
v 0.025669 0.444444 0.004650
v 0.025997 0.444444 0.002296
v 0.025394 0.472222 0.000000
v 0.026096 0.444444 0.000000
v 0.024441 0.472222 0.006844
v 0.023655 0.472222 0.009155
v 0.025112 0.444444 0.007030
v 0.043621 -0.388889 -0.017822
v 0.046337 -0.388889 -0.008816
v 0.047718 -0.444445 -0.009079
v 0.044918 -0.444445 -0.018356
v 0.041019 -0.277778 -0.016762
v 0.038418 -0.166667 -0.015697
v 0.035824 -0.055556 -0.014637
v 0.033222 0.055555 -0.013577
v 0.030621 0.166667 -0.012512
v 0.028027 0.277778 -0.011452
v 0.027012 0.388889 -0.005138
v 0.025425 0.388889 -0.010387
v 0.024342 0.472222 -0.007175
v 0.024937 0.472222 -0.004745
v 0.025631 0.444444 -0.004875
v 0.025013 0.444444 -0.007374
v 0.023472 0.472222 -0.009594
v 0.024120 0.444444 -0.009857
v 0.031002 -0.277778 -0.031433
v 0.032963 -0.388889 -0.033424
v 0.029034 -0.166667 -0.029438
v 0.027073 -0.055556 -0.027447
v 0.025105 0.055555 -0.025455
v 0.023144 0.166667 -0.023464
v 0.021175 0.277778 -0.021473
v 0.022816 0.388889 -0.015202
v 0.019215 0.388889 -0.019482
v 0.021648 0.444444 -0.014427
v 0.018230 0.444444 -0.018486
v 0.017117 -0.388889 -0.043530
v 0.025471 -0.388889 -0.039322
v 0.026226 -0.444445 -0.040493
v 0.017628 -0.444445 -0.044827
v 0.033947 -0.444445 -0.034420
v 0.016094 -0.277778 -0.040936
v 0.015079 -0.166667 -0.038342
v 0.014057 -0.055556 -0.035748
v 0.013035 0.055555 -0.033154
v 0.012020 0.166667 -0.030560
v 0.010998 0.277778 -0.027966
v 0.014843 0.388889 -0.022923
v 0.009975 0.388889 -0.025372
v 0.015797 0.472222 -0.019680
v 0.017742 0.472222 -0.017986
v 0.016239 0.444444 -0.020226
v 0.013706 0.472222 -0.021164
v 0.014088 0.444444 -0.021748
v 0.009464 0.444444 -0.024075
v -0.000004 -0.388889 -0.046711
v 0.008457 -0.388889 -0.045956
v 0.008709 -0.444445 -0.047325
v -0.000004 -0.444445 -0.048103
v -0.000004 -0.277778 -0.043930
v -0.000004 -0.166667 -0.041145
v -0.000004 -0.055556 -0.038361
v -0.000004 0.055555 -0.035580
v -0.000004 0.166667 -0.032795
v -0.000004 0.277778 -0.030010
v 0.004932 0.388889 -0.026787
v -0.000004 0.388889 -0.027229
v 0.002247 0.472222 -0.025040
v 0.004551 0.472222 -0.024734
v 0.004681 0.444444 -0.025417
v 0.002308 0.444444 -0.025734
v -0.000004 0.472222 -0.025139
v -0.000004 0.444444 -0.025837
v 0.006886 0.472222 -0.024200
v 0.009212 0.472222 -0.023426
v 0.007076 0.444444 -0.024868
v -0.017849 -0.388889 -0.043240
v -0.008831 -0.388889 -0.045887
v -0.009090 -0.444445 -0.047253
v -0.018383 -0.444445 -0.044529
v -0.016788 -0.277778 -0.040665
v -0.015720 -0.166667 -0.038086
v -0.014660 -0.055556 -0.035511
v -0.013599 0.055555 -0.032936
v -0.012531 0.166667 -0.030357
v -0.011471 0.277778 -0.027782
v -0.005146 0.388889 -0.026749
v -0.010403 0.388889 -0.025204
v -0.007183 0.472222 -0.024113
v -0.004749 0.472222 -0.024696
v -0.004887 0.444444 -0.025379
v -0.007381 0.444444 -0.024780
v -0.009609 0.472222 -0.023273
v -0.009876 0.444444 -0.023914
v -0.031658 -0.277778 -0.030785
v -0.033665 -0.388889 -0.032734
v -0.029652 -0.166667 -0.028835
v -0.027645 -0.055556 -0.026882
v -0.025639 0.055555 -0.024933
v -0.023632 0.166667 -0.022984
v -0.021626 0.277778 -0.021030
v -0.015285 0.388889 -0.022640
v -0.019619 0.388889 -0.019081
v -0.014500 0.444444 -0.021481
v -0.018620 0.444444 -0.018105
v -0.043949 -0.388889 -0.017010
v -0.039669 -0.388889 -0.025303
v -0.040852 -0.444445 -0.026058
v -0.045261 -0.444445 -0.017517
v -0.034664 -0.444445 -0.033710
v -0.041332 -0.277778 -0.015995
v -0.038708 -0.166667 -0.014984
v -0.036091 -0.055556 -0.013969
v -0.033474 0.055555 -0.012955
v -0.030857 0.166667 -0.011940
v -0.028233 0.277778 -0.010929
v -0.023121 0.388889 -0.014748
v -0.025616 0.388889 -0.009914
v -0.019840 0.472222 -0.015694
v -0.018116 0.472222 -0.017616
v -0.020390 0.444444 -0.016129
v -0.021351 0.472222 -0.013618
v -0.021938 0.444444 -0.013996
v -0.024311 0.444444 -0.009407
v -0.046421 -0.388889 -0.008408
v -0.047802 -0.444445 -0.008659
v -0.027058 0.388889 -0.004902
v -0.025295 0.472222 -0.002235
v -0.024982 0.472222 -0.004524
v -0.025677 0.444444 -0.004650
v -0.025997 0.444444 -0.002296
v -0.024441 0.472222 -0.006844
v -0.023655 0.472222 -0.009155
v -0.025112 0.444444 -0.007030
v -0.049999 -0.500000 0.000000
v -0.046215 -0.500000 0.018887
v -0.034931 -0.500000 0.035416
v -0.018139 -0.500000 0.046124
v -0.000004 -0.500000 0.049496
v 0.018917 -0.500000 0.045818
v 0.035671 -0.500000 0.034687
v 0.046566 -0.500000 0.018024
v 0.049999 -0.500000 0.000000
v -0.024693 0.500000 0.000000
v -0.022823 0.500000 0.009327
v -0.017254 0.500000 0.017490
v -0.008961 0.500000 0.022778
v -0.000004 0.500000 0.024445
v 0.009342 0.500000 0.022629
v 0.017612 0.500000 0.017132
v 0.022999 0.500000 0.008900
v 0.024693 0.500000 0.000000
v 0.046215 -0.500000 -0.018887
v 0.034931 -0.500000 -0.035416
v 0.018139 -0.500000 -0.046124
v -0.000004 -0.500000 -0.049496
v -0.018917 -0.500000 -0.045818
v -0.035671 -0.500000 -0.034687
v -0.046566 -0.500000 -0.018024
v 0.022823 0.500000 -0.009327
v 0.017254 0.500000 -0.017490
v 0.008961 0.500000 -0.022778
v -0.000004 0.500000 -0.024445
v -0.009342 0.500000 -0.022629
v -0.017612 0.500000 -0.017132
v -0.022999 0.500000 -0.008900
f 2 4 1
f 5 3 2
f 2 1 7
f 8 5 2
f 7 8 2
f 10 7 9
f 12 9 11
f 14 11 13
f 16 13 15
f 18 15 17
f 19 20 18
f 17 21 19
f 18 17 19
f 23 25 22
f 22 27 26
f 28 30 31
f 28 24 23
f 31 30 20
f 19 24 31
f 20 19 31
f 25 24 19
f 21 27 25
f 19 21 25
f 7 33 32
f 9 32 34
f 11 34 35
f 13 35 36
f 15 36 37
f 17 37 38
f 39 21 17
f 38 40 39
f 17 38 39
f 27 39 41
f 41 40 42
f 44 46 43
f 33 45 44
f 44 43 48
f 32 33 44
f 48 32 44
f 34 48 49
f 35 49 50
f 36 50 51
f 37 51 52
f 38 52 53
f 54 40 38
f 53 55 54
f 38 53 54
f 57 58 56
f 56 60 59
f 58 42 40
f 54 60 58
f 40 54 58
f 60 55 61
f 62 64 65
f 43 64 63
f 63 62 66
f 48 43 63
f 66 48 63
f 49 66 67
f 50 67 68
f 51 68 69
f 52 69 70
f 53 70 71
f 72 55 53
f 71 73 72
f 53 71 72
f 75 77 74
f 74 79 78
f 81 82 80
f 75 82 76
f 82 61 55
f 72 76 82
f 55 72 82
f 77 76 72
f 73 79 77
f 72 73 77
f 83 85 86
f 84 65 85
f 84 83 87
f 66 62 84
f 87 66 84
f 88 66 87
f 89 67 88
f 90 68 89
f 91 69 90
f 92 70 91
f 93 73 71
f 92 94 93
f 71 92 93
f 95 97 98
f 99 98 100
f 79 93 97
f 98 97 93
f 94 100 98
f 93 94 98
f 101 83 102
f 103 87 101
f 104 88 103
f 105 89 104
f 106 90 105
f 107 91 106
f 108 94 92
f 107 109 108
f 92 107 108
f 110 94 108
f 111 108 109
f 112 114 115
f 113 116 114
f 113 112 117
f 101 102 113
f 117 101 113
f 118 101 117
f 119 103 118
f 120 104 119
f 121 105 120
f 122 106 121
f 123 109 107
f 122 124 123
f 107 122 123
f 125 111 127
f 128 127 129
f 127 111 109
f 123 129 127
f 109 123 127
f 130 123 124
f 131 133 134
f 132 115 133
f 132 131 135
f 117 112 132
f 135 117 132
f 136 117 135
f 137 118 136
f 138 119 137
f 139 120 138
f 140 121 139
f 141 124 122
f 140 142 141
f 122 140 141
f 143 145 146
f 147 146 148
f 149 130 151
f 144 151 145
f 151 130 124
f 141 145 151
f 124 141 151
f 146 145 141
f 142 148 146
f 141 142 146
f 153 155 152
f 131 154 153
f 153 152 156
f 135 131 153
f 156 135 153
f 136 156 157
f 137 157 158
f 138 158 159
f 139 159 160
f 140 160 161
f 162 142 140
f 161 163 162
f 140 161 162
f 165 167 164
f 164 169 168
f 148 162 166
f 167 166 162
f 163 169 167
f 162 163 167
f 156 171 170
f 157 170 172
f 158 172 173
f 159 173 174
f 160 174 175
f 161 175 176
f 177 163 161
f 176 178 177
f 161 176 177
f 169 177 179
f 179 178 180
f 182 184 181
f 171 183 182
f 182 181 186
f 170 171 182
f 186 170 182
f 172 186 187
f 173 187 188
f 174 188 189
f 175 189 190
f 176 190 191
f 192 178 176
f 191 193 192
f 176 191 192
f 195 196 194
f 194 198 197
f 196 180 178
f 192 198 196
f 178 192 196
f 198 193 199
f 201 203 200
f 181 202 201
f 201 200 204
f 186 181 201
f 204 186 201
f 187 204 205
f 188 205 206
f 189 206 207
f 190 207 208
f 209 190 208
f 210 193 191
f 209 211 210
f 191 209 210
f 212 214 215
f 216 215 217
f 219 220 218
f 213 220 214
f 220 199 193
f 210 214 220
f 193 210 220
f 215 214 210
f 211 217 215
f 210 211 215
f 222 224 221
f 200 223 222
f 222 221 225
f 204 200 222
f 225 204 222
f 226 204 225
f 227 205 226
f 228 206 227
f 229 207 228
f 230 208 229
f 231 211 209
f 230 232 231
f 209 230 231
f 233 235 236
f 237 236 238
f 217 231 235
f 236 235 231
f 232 238 236
f 231 232 236
f 239 221 240
f 241 225 239
f 242 226 241
f 243 227 242
f 244 228 243
f 245 229 244
f 246 232 230
f 245 247 246
f 230 245 246
f 248 232 246
f 249 246 247
f 250 252 253
f 251 254 252
f 251 250 255
f 239 240 251
f 255 239 251
f 256 239 255
f 257 241 256
f 258 242 257
f 259 243 258
f 260 244 259
f 261 247 245
f 260 262 261
f 245 260 261
f 263 249 265
f 266 265 267
f 265 249 247
f 261 267 265
f 247 261 265
f 268 261 262
f 5 270 6
f 269 253 270
f 269 5 8
f 255 250 269
f 8 255 269
f 10 255 8
f 12 256 10
f 14 257 12
f 16 258 14
f 18 259 16
f 271 262 260
f 18 20 271
f 260 18 271
f 272 274 275
f 29 275 30
f 276 268 278
f 273 278 274
f 278 268 262
f 271 274 278
f 262 271 278
f 275 274 271
f 20 30 275
f 271 20 275
f 3 279 280
f 279 3 6
f 3 280 4
f 45 47 281
f 47 1 4
f 281 4 280
f 45 281 282
f 26 27 41
f 282 46 45
f 61 59 60
f 57 41 42
f 46 282 64
f 65 64 283
f 282 283 64
f 283 85 65
f 284 85 283
f 284 116 86
f 285 286 114
f 287 133 286
f 86 102 83
f 96 79 97
f 286 115 114
f 133 115 286
f 114 116 285
f 134 287 154
f 288 29 28
f 289 23 22
f 288 28 23
f 41 290 289
f 290 41 57
f 290 56 59
f 291 59 81
f 290 57 56
f 289 22 26
f 289 288 23
f 291 290 59
f 26 41 289
f 291 75 292
f 292 74 78
f 96 292 78
f 75 74 292
f 80 75 291
f 80 291 81
f 293 95 99
f 99 100 110
f 293 96 95
f 126 110 111
f 130 128 129
f 293 99 110
f 126 294 110
f 294 125 128
f 294 293 110
f 294 128 295
f 125 294 126
f 295 150 149
f 296 144 143
f 149 144 295
f 128 150 295
f 292 96 293
f 155 298 185
f 297 155 154
f 287 297 154
f 185 298 183
f 299 183 298
f 299 184 183
f 299 202 184
f 300 202 299
f 185 152 155
f 166 147 148
f 199 197 198
f 195 179 180
f 168 169 179
f 223 300 301
f 300 223 203
f 223 301 224
f 252 254 302
f 254 301 302
f 303 252 302
f 303 270 253
f 240 224 254
f 235 216 217
f 279 6 270
f 296 147 165
f 304 164 168
f 304 165 164
f 305 195 194
f 306 197 219
f 306 219 218
f 305 194 197
f 179 195 305
f 179 305 304
f 304 296 165
f 306 305 197
f 168 179 304
f 307 213 212
f 307 216 234
f 308 307 234
f 212 216 307
f 306 213 307
f 213 306 218
f 143 147 296
f 248 308 237
f 308 233 237
f 264 248 249
f 267 277 266
f 309 264 263
f 309 263 266
f 264 309 248
f 308 248 309
f 310 266 277
f 310 309 266
f 310 277 276
f 310 273 288
f 288 272 29
f 273 272 288
f 234 233 308
f 238 248 237
f 285 297 286
f 284 297 285
f 297 284 282
f 297 287 286
f 297 299 298
f 299 297 301
f 282 284 283
f 280 282 281
f 282 280 279
f 301 282 279
f 300 299 301
f 301 303 302
f 301 279 303
f 282 301 297
f 305 295 304
f 308 305 306
f 295 305 309
f 295 296 304
f 295 293 294
f 293 295 291
f 307 308 306
f 291 295 309
f 309 310 288
f 288 289 309
f 292 293 291
f 291 289 290
f 291 309 289
f 309 305 308
f 2 3 4
f 5 6 3
f 10 8 7
f 12 10 9
f 14 12 11
f 16 14 13
f 18 16 15
f 23 24 25
f 22 25 27
f 28 29 30
f 28 31 24
f 7 1 33
f 9 7 32
f 11 9 34
f 13 11 35
f 15 13 36
f 17 15 37
f 27 21 39
f 41 39 40
f 44 45 46
f 33 47 45
f 34 32 48
f 35 34 49
f 36 35 50
f 37 36 51
f 38 37 52
f 57 42 58
f 56 58 60
f 60 54 55
f 62 63 64
f 43 46 64
f 49 48 66
f 50 49 67
f 51 50 68
f 52 51 69
f 53 52 70
f 75 76 77
f 74 77 79
f 81 61 82
f 75 80 82
f 83 84 85
f 84 62 65
f 88 67 66
f 89 68 67
f 90 69 68
f 91 70 69
f 92 71 70
f 95 96 97
f 99 95 98
f 79 73 93
f 101 87 83
f 103 88 87
f 104 89 88
f 105 90 89
f 106 91 90
f 107 92 91
f 110 100 94
f 111 110 108
f 112 113 114
f 113 102 116
f 118 103 101
f 119 104 103
f 120 105 104
f 121 106 105
f 122 107 106
f 125 126 111
f 128 125 127
f 130 129 123
f 131 132 133
f 132 112 115
f 136 118 117
f 137 119 118
f 138 120 119
f 139 121 120
f 140 122 121
f 143 144 145
f 147 143 146
f 149 150 130
f 144 149 151
f 153 154 155
f 131 134 154
f 136 135 156
f 137 136 157
f 138 137 158
f 139 138 159
f 140 139 160
f 165 166 167
f 164 167 169
f 148 142 162
f 156 152 171
f 157 156 170
f 158 157 172
f 159 158 173
f 160 159 174
f 161 160 175
f 169 163 177
f 179 177 178
f 182 183 184
f 171 185 183
f 172 170 186
f 173 172 187
f 174 173 188
f 175 174 189
f 176 175 190
f 195 180 196
f 194 196 198
f 198 192 193
f 201 202 203
f 181 184 202
f 187 186 204
f 188 187 205
f 189 188 206
f 190 189 207
f 209 191 190
f 212 213 214
f 216 212 215
f 219 199 220
f 213 218 220
f 222 223 224
f 200 203 223
f 226 205 204
f 227 206 205
f 228 207 206
f 229 208 207
f 230 209 208
f 233 234 235
f 237 233 236
f 217 211 231
f 239 225 221
f 241 226 225
f 242 227 226
f 243 228 227
f 244 229 228
f 245 230 229
f 248 238 232
f 249 248 246
f 250 251 252
f 251 240 254
f 256 241 239
f 257 242 241
f 258 243 242
f 259 244 243
f 260 245 244
f 263 264 249
f 266 263 265
f 268 267 261
f 5 269 270
f 269 250 253
f 10 256 255
f 12 257 256
f 14 258 257
f 16 259 258
f 18 260 259
f 272 273 274
f 29 272 275
f 276 277 268
f 273 276 278
f 47 33 1
f 281 47 4
f 61 81 59
f 284 86 85
f 284 285 116
f 287 134 133
f 86 116 102
f 96 78 79
f 130 150 128
f 296 295 144
f 155 297 298
f 300 203 202
f 185 171 152
f 166 165 147
f 199 219 197
f 254 224 301
f 303 253 252
f 303 279 270
f 240 221 224
f 235 234 216
f 267 268 277
f 310 276 273
