# OBJ created with rayvertex
v 0.158396 0.282515 0.033313
v 0.092914 0.265201 -0.002993
v -0.021328 0.253126 0.091180
v 0.353156 0.244200 0.005203
v -0.004019 0.248915 0.176521
v 0.217541 0.053270 -0.037880
v 0.344833 0.152229 0.076648
v 0.092063 0.136947 0.317300
v 0.089113 -0.089463 0.074793
v 0.190290 -0.076069 0.100115
v -0.040549 -0.076967 0.095408
v 0.412249 -0.404299 -0.037047
v 0.294824 -0.368808 0.069950
v 0.033354 -0.373970 0.500000
v 0.359418 0.185653 -0.144881
v 0.331670 0.180923 0.178897
v 0.108236 -0.105164 -0.035987
v 0.087111 -0.091470 -0.036043
v 0.056692 -0.088701 0.065292
v 0.103947 -0.430381 -0.032193
v 0.064293 -0.405509 0.047950
v 0.129143 -0.416926 0.062128
v 0.270681 0.200304 -0.214727
v 0.127502 0.248116 -0.113301
v 0.304841 0.163073 -0.143681
v 0.109809 -0.073569 -0.050953
v 0.310154 -0.204181 -0.165575
v 0.348709 -0.168397 -0.154042
v 0.354044 -0.206781 0.078742
v 0.096338 -0.396766 -0.064432
v 0.154595 -0.294731 0.023167
v 0.432087 -0.404280 -0.161129
v 0.475932 -0.377487 -0.156131
v 0.500000 -0.402672 0.098199
v 0.155679 -0.491241 -0.112558
v 0.046291 0.287796 -0.120195
v 0.041625 0.364272 -0.080590
v 0.173831 -0.007871 -0.115375
v 0.121738 0.033118 -0.110054
v 0.158697 0.032068 0.026622
v 0.190501 -0.065023 -0.126460
v 0.231494 -0.065883 -0.006466
v 0.215539 -0.141815 -0.299735
v 0.058807 -0.119418 -0.209907
v 0.323535 -0.150996 0.028014
v 0.098144 -0.301672 -0.167899
v 0.171152 0.178847 -0.305694
v 0.226098 0.182320 -0.316926
v 0.102291 0.046841 -0.208440
v -0.041979 -0.072773 -0.227905
v 0.076726 -0.068252 -0.239831
v 0.006909 -0.094286 -0.106388
v 0.281202 -0.371422 -0.422912
v 0.247509 -0.371909 -0.373455
v 0.416652 -0.349808 -0.222564
v 0.193669 -0.338670 -0.388802
v 0.155972 0.212868 -0.325254
v -0.017693 -0.021877 -0.190196
v -0.012982 -0.424579 -0.113407
v 0.000256 -0.384791 -0.132589
v 0.024835 -0.412533 -0.194100
v 0.163769 -0.434857 -0.109167
v -0.047939 0.483076 -0.051349
v -0.061298 0.405400 0.039766
v 0.043808 0.500000 0.001522
v 0.010529 0.235324 -0.168759
v -0.023104 0.182945 -0.340563
v -0.089068 0.156927 -0.397725
v -0.027665 0.032868 -0.172085
v -0.076741 0.037187 -0.267699
v -0.016038 -0.077336 -0.111347
v 0.003402 -0.376633 -0.448291
v 0.012056 -0.356248 -0.500000
v -0.173493 0.243139 -0.084395
v -0.097429 0.202527 -0.090377
v -0.100357 -0.142748 -0.305717
v -0.059334 -0.161350 -0.368167
v -0.105459 -0.197984 -0.363766
v -0.138686 -0.405700 -0.447066
v -0.064210 -0.489563 -0.178867
v -0.041701 -0.500000 0.185776
v -0.174147 -0.455834 0.009838
v -0.215630 0.203530 -0.270962
v -0.161956 -0.004156 -0.106388
v -0.141184 -0.069182 -0.198279
v -0.083898 -0.070518 -0.088039
v -0.084116 -0.091398 -0.052220
v -0.285642 -0.162506 -0.246337
v -0.102855 -0.394668 -0.036100
v -0.129783 -0.324697 -0.153695
v -0.272931 -0.381016 -0.352029
v -0.242918 -0.362688 -0.173794
v -0.224924 -0.375002 -0.447416
v -0.355542 -0.408405 -0.306434
v -0.269898 0.183133 -0.276366
v -0.315460 0.179487 -0.140924
v -0.215487 0.074900 -0.056859
v -0.294952 -0.113156 -0.125925
v -0.342093 -0.197518 -0.139412
v -0.135276 -0.415210 -0.081031
v -0.418970 -0.385642 -0.293082
v -0.324754 0.195606 -0.125453
v -0.368042 0.179475 -0.123364
v -0.206508 -0.067922 -0.047109
v -0.235069 -0.017128 -0.048418
v -0.098686 -0.071365 -0.016356
v -0.085260 0.295339 0.019690
v 0.004004 0.353618 0.088970
v -0.071616 0.360446 -0.052095
v -0.154038 -0.073279 0.050281
v -0.365333 -0.163596 0.089823
v -0.163551 -0.282311 0.030797
v -0.152097 -0.396834 0.076837
v -0.105188 -0.426516 -0.004958
v -0.432200 -0.369985 -0.075038
v -0.500000 -0.384591 -0.014440
v -0.456990 -0.403344 -0.060212
v -0.130912 0.242969 0.087054
v -0.345081 0.201022 0.126226
v -0.369367 0.165590 0.151930
v -0.320005 0.151724 0.114331
v -0.152270 -0.008374 0.074318
v -0.136706 0.024483 0.071512
v -0.200789 -0.068484 0.087948
v -0.092838 -0.064021 0.163493
v -0.082046 -0.092515 0.033181
v -0.284453 -0.159617 0.155566
v -0.335313 -0.197952 0.125917
v -0.421099 -0.359310 0.135591
v -0.417126 -0.390228 0.166903
v -0.155385 0.044256 0.174510
v -0.169978 -0.156932 0.223711
v -0.065670 -0.393063 0.076162
v -0.439334 -0.375073 0.218491
v -0.270312 -0.407014 0.356158
v -0.183886 0.118618 0.313456
v -0.113060 0.001609 0.199426
v -0.160940 -0.049349 0.154638
v 0.000120 -0.093626 0.104385
v -0.216758 -0.159407 0.295752
v -0.039706 -0.431895 0.100383
v -0.279719 -0.381957 0.330153
v -0.294470 -0.371515 0.411228
v -0.153752 0.185628 0.302062
v -0.047383 0.024117 0.140581
v -0.059740 -0.139230 0.324156
v -0.085644 -0.352665 0.440197
v -0.051657 -0.378397 0.302907
v 0.049482 0.177299 0.336757
v -0.002032 0.172850 0.384083
v 0.059710 0.045284 0.193293
v 0.068440 -0.020110 0.166594
v 0.095450 -0.199251 0.345975
v 0.074475 -0.155921 0.374417
v 0.015977 -0.287911 0.162502
v 0.164198 0.169601 0.334204
v 0.189154 -0.013203 0.095126
v -0.040782 0.300107 -0.071859
f 1 2 3
f 4 1 5
f 6 7 8
f 9 10 11
f 12 13 14
f 7 15 16
f 17 18 19
f 18 9 19
f 20 21 22
f 4 24 1
f 6 25 7
f 18 26 9
f 27 28 29
f 30 31 21
f 32 33 34
f 35 32 12
f 36 37 2
f 24 36 2
f 15 23 4
f 38 39 40
f 41 38 42
f 42 26 41
f 43 44 45
f 27 31 46
f 30 46 31
f 47 48 15
f 39 49 6
f 51 26 50
f 17 52 18
f 52 26 18
f 53 54 55
f 56 53 32
f 48 57 23
f 49 47 25
f 51 58 38
f 27 43 28
f 59 60 30
f 61 59 20
f 54 61 62
f 63 64 65
f 37 63 65
f 66 36 24
f 67 66 57
f 68 67 57
f 47 68 48
f 69 70 49
f 58 69 39
f 50 26 71
f 52 71 26
f 72 61 54
f 73 72 53
f 74 75 66
f 47 70 68
f 50 58 51
f 44 77 76
f 78 77 43
f 46 78 27
f 79 73 56
f 80 79 56
f 81 82 80
f 83 74 66
f 84 69 58
f 85 84 58
f 86 87 52
f 87 71 52
f 78 88 77
f 89 90 60
f 59 89 60
f 91 92 61
f 93 91 72
f 79 93 73
f 80 94 79
f 95 83 68
f 96 95 68
f 97 96 70
f 98 86 44
f 88 98 76
f 88 90 99
f 100 59 61
f 92 100 61
f 94 101 93
f 102 74 83
f 103 102 95
f 104 105 50
f 104 71 106
f 50 71 104
f 87 106 71
f 107 108 109
f 110 87 86
f 98 110 86
f 111 98 88
f 99 111 88
f 89 112 90
f 113 114 100
f 101 92 91
f 116 115 101
f 117 116 101
f 82 117 94
f 118 107 74
f 119 74 102
f 120 119 103
f 121 120 96
f 122 123 84
f 124 105 104
f 104 106 125
f 110 126 87
f 126 106 87
f 111 127 98
f 112 128 99
f 129 113 92
f 116 129 115
f 130 116 117
f 123 121 97
f 125 124 104
f 127 110 98
f 132 128 112
f 133 112 89
f 114 133 89
f 134 129 116
f 82 130 117
f 118 3 107
f 136 120 121
f 137 122 105
f 138 137 105
f 125 138 124
f 125 106 11
f 139 126 110
f 126 11 106
f 140 127 111
f 132 140 128
f 141 133 114
f 142 113 129
f 143 142 134
f 135 143 130
f 136 144 120
f 145 131 123
f 137 145 122
f 125 137 138
f 146 139 110
f 147 148 142
f 108 65 64
f 149 5 144
f 150 149 144
f 151 8 131
f 145 151 131
f 11 152 125
f 153 154 132
f 155 132 112
f 14 147 143
f 152 151 145
f 19 11 139
f 155 153 132
f 21 155 133
f 8 156 150
f 19 9 11
f 22 21 141
f 37 65 108
f 2 37 108
f 16 4 149
f 40 6 151
f 152 40 151
f 10 157 152
f 11 10 152
f 45 17 139
f 29 45 153
f 31 29 155
f 35 12 81
f 1 3 5
f 4 5 149
f 7 16 156
f 7 156 8
f 6 8 151
f 157 40 152
f 17 19 139
f 45 139 146
f 45 146 154
f 22 141 148
f 13 22 148
f 13 148 147
f 13 147 14
f 12 14 135
f 12 135 81
f 15 4 16
f 42 157 10
f 26 10 9
f 28 45 29
f 30 21 20
f 62 20 22
f 62 22 13
f 33 12 34
f 32 34 12
f 24 2 1
f 25 15 7
f 39 6 40
f 38 40 157
f 38 157 42
f 44 17 45
f 43 45 28
f 62 13 12
f 55 12 33
f 48 23 15
f 47 15 25
f 49 25 6
f 54 62 12
f 54 12 55
f 53 55 33
f 53 33 32
f 56 32 35
f 57 24 23
f 58 39 38
f 51 38 41
f 44 52 17
f 59 30 20
f 61 20 62
f 80 35 81
f 66 24 57
f 68 57 48
f 69 49 39
f 78 43 27
f 60 46 30
f 72 54 53
f 73 53 56
f 80 56 35
f 158 37 36
f 75 36 66
f 109 63 37
f 109 37 158
f 158 36 75
f 83 66 67
f 85 58 50
f 86 52 44
f 88 76 77
f 90 78 46
f 90 46 60
f 91 61 72
f 93 72 73
f 83 67 68
f 96 68 70
f 97 70 69
f 97 69 84
f 98 44 76
f 101 91 93
f 94 93 79
f 107 109 158
f 102 83 95
f 103 95 96
f 105 84 85
f 105 85 50
f 114 89 59
f 114 59 100
f 107 158 75
f 112 99 90
f 117 101 94
f 82 94 80
f 64 63 109
f 107 75 74
f 119 102 103
f 120 103 96
f 121 96 97
f 123 97 84
f 122 84 105
f 128 111 99
f 113 100 92
f 129 92 115
f 64 109 108
f 118 74 119
f 134 116 130
f 136 121 131
f 138 105 124
f 140 111 128
f 141 114 113
f 142 129 134
f 143 134 130
f 81 135 82
f 5 3 118
f 144 118 119
f 144 119 120
f 145 123 122
f 139 11 126
f 146 110 127
f 146 127 140
f 148 113 142
f 3 108 107
f 5 118 144
f 150 144 136
f 8 136 131
f 152 137 125
f 154 146 140
f 154 140 132
f 155 112 133
f 148 141 113
f 147 142 143
f 14 143 135
f 152 145 137
f 21 133 141
f 156 149 150
f 8 150 136
f 31 155 21
f 2 108 3
f 16 149 156
f 45 154 153
f 29 153 155
f 4 23 24
f 42 10 26
f 27 29 31
f 51 41 26
f 47 49 70
f 44 43 77
f 88 78 90
f 101 115 92
f 123 131 121
f 82 135 130
