# OBJ created with rayvertex
v -0.089750 -0.347425 -0.089750
v -0.275685 -0.181071 -0.275685
v -0.322032 -0.294507 -0.322032
v -0.231166 -0.429051 -0.231166
v -0.147561 -0.392132 -0.147557
v -0.221258 -0.027443 -0.221258
v -0.311069 -0.114862 -0.311073
v -0.173394 -0.476220 -0.173394
v -0.130218 -0.500000 -0.130214
v -0.086298 -0.466144 -0.086295
v -0.103877 0.059629 -0.103873
v 0.114604 -0.374184 0.114604
v -0.046567 0.027366 -0.046563
v -0.146537 0.320353 -0.146533
v -0.255747 0.231667 -0.255747
v -0.215386 0.140727 -0.215390
v -0.106752 0.156433 -0.106748
v -0.227487 0.316840 -0.227487
v -0.289288 0.091315 -0.289291
v -0.353554 0.407197 -0.353554
v -0.311585 0.315594 -0.311585
v -0.284432 0.432411 -0.284432
v -0.331773 0.468355 -0.331773
v -0.272999 0.491599 -0.272999
v -0.087876 0.357087 -0.087876
v 0.004241 0.433584 0.004245
v -0.030043 0.500000 -0.030043
v 0.155512 -0.184270 0.155508
v 0.133746 -0.296064 0.133746
v 0.141954 -0.449790 0.141958
v 0.199074 -0.389812 0.199074
v 0.205773 -0.228567 0.205773
v 0.215416 -0.327188 0.215416
v 0.279812 -0.259256 0.279812
v 0.205705 -0.143860 0.205705
v 0.050580 0.399734 0.050577
v 0.204271 0.120823 0.204268
v 0.178932 0.201220 0.178932
v 0.065215 0.467070 0.065219
v 0.147394 0.392523 0.147394
v 0.266672 -0.114921 0.266676
v 0.306016 -0.028234 0.306016
v 0.318269 0.084043 0.318269
v 0.347993 -0.021200 0.347997
v 0.353554 -0.157899 0.353554
v 0.169411 0.333928 0.169407
v 0.228131 0.459814 0.228135
v 0.241127 0.282310 0.241127
v 0.264229 0.403223 0.264229
v 0.000000 -0.347425 0.126925
v 0.000000 -0.181071 0.389879
v 0.000000 -0.294507 0.455421
v 0.000000 -0.429051 0.326918
v 0.000000 -0.392132 0.208679
v 0.000000 -0.027443 0.312905
v 0.000000 -0.114862 0.439921
v 0.000000 -0.476220 0.245217
v 0.000000 -0.500000 0.184151
v 0.000000 -0.466144 0.122039
v 0.000000 0.059629 0.146901
v 0.000000 -0.374184 -0.162074
v 0.000000 0.027366 0.065852
v 0.000000 0.320353 0.207230
v 0.000000 0.231667 0.361680
v 0.000000 0.140727 0.304605
v 0.000000 0.156433 0.150967
v 0.000000 0.316840 0.321713
v 0.000000 0.091315 0.409119
v 0.000000 0.407197 0.500000
v 0.000000 0.315594 0.440649
v 0.000000 0.432410 0.402246
v 0.000000 0.468354 0.469198
v 0.000000 0.491599 0.386078
v 0.000000 0.357087 0.124277
v 0.000000 0.433584 -0.006001
v 0.000000 0.500000 0.042485
v 0.000000 -0.184270 -0.219923
v 0.000000 -0.296064 -0.189143
v 0.000000 -0.449790 -0.200759
v 0.000000 -0.389812 -0.281534
v 0.000000 -0.228567 -0.291010
v 0.000000 -0.327188 -0.304643
v 0.000000 -0.259256 -0.395714
v 0.000000 -0.143860 -0.290911
v 0.000000 0.399734 -0.071527
v 0.000000 0.120823 -0.288878
v 0.000000 0.201220 -0.253046
v 0.000000 0.467070 -0.092231
v 0.000000 0.392524 -0.208444
v 0.000000 -0.114921 -0.377134
v 0.000000 -0.028234 -0.432774
v 0.000000 0.084043 -0.450102
v 0.000000 -0.021200 -0.492140
v 0.000000 -0.157898 -0.500000
v 0.000000 0.333928 -0.239580
v 0.000000 0.459814 -0.322631
v 0.000000 0.282310 -0.341006
v 0.000000 0.403224 -0.373674
v -0.089750 -0.347425 0.089750
v -0.275685 -0.181071 0.275685
v -0.322032 -0.294507 0.322032
v -0.231166 -0.429051 0.231166
v -0.147561 -0.392132 0.147557
v -0.221258 -0.027443 0.221258
v -0.311069 -0.114862 0.311073
v -0.173394 -0.476220 0.173394
v -0.130218 -0.500000 0.130214
v -0.086298 -0.466144 0.086295
v -0.103877 0.059629 0.103873
v 0.114604 -0.374184 -0.114604
v -0.046567 0.027366 0.046563
v -0.146537 0.320353 0.146533
v -0.255747 0.231667 0.255747
v -0.215386 0.140727 0.215390
v -0.106752 0.156433 0.106748
v -0.227487 0.316840 0.227487
v -0.289288 0.091315 0.289291
v -0.353554 0.407197 0.353554
v -0.311585 0.315594 0.311585
v -0.284432 0.432411 0.284432
v -0.331773 0.468354 0.331773
v -0.272999 0.491599 0.272999
v -0.087876 0.357087 0.087876
v 0.004241 0.433584 -0.004245
v -0.030043 0.500000 0.030043
v 0.155512 -0.184270 -0.155508
v 0.133746 -0.296064 -0.133746
v 0.141954 -0.449790 -0.141958
v 0.199074 -0.389812 -0.199074
v 0.205773 -0.228567 -0.205773
v 0.215416 -0.327188 -0.215416
v 0.279812 -0.259256 -0.279812
v 0.205705 -0.143860 -0.205705
v 0.050580 0.399734 -0.050577
v 0.204271 0.120823 -0.204268
v 0.178932 0.201220 -0.178932
v 0.065215 0.467070 -0.065219
v 0.147394 0.392524 -0.147394
v 0.266672 -0.114921 -0.266676
v 0.306016 -0.028234 -0.306016
v 0.318269 0.084043 -0.318269
v 0.347993 -0.021200 -0.347997
v 0.353554 -0.157898 -0.353554
v 0.169411 0.333928 -0.169407
v 0.228131 0.459814 -0.228135
v 0.241127 0.282310 -0.241127
v 0.264229 0.403224 -0.264229
v -0.126925 -0.347425 0.000000
v -0.389879 -0.181071 0.000000
v -0.455421 -0.294507 0.000000
v -0.326918 -0.429051 0.000000
v -0.208679 -0.392132 0.000000
v -0.312905 -0.027443 0.000000
v -0.439921 -0.114862 0.000000
v -0.245217 -0.476220 0.000000
v -0.184151 -0.500000 0.000000
v -0.122039 -0.466144 0.000000
v -0.146901 0.059629 0.000000
v 0.162074 -0.374184 0.000000
v -0.065852 0.027366 0.000000
v -0.207230 0.320353 0.000000
v -0.361680 0.231667 0.000000
v -0.304605 0.140727 0.000000
v -0.150967 0.156433 0.000000
v -0.321713 0.316840 0.000000
v -0.409119 0.091315 0.000000
v -0.500000 0.407197 0.000000
v -0.440649 0.315594 0.000000
v -0.402246 0.432411 0.000000
v -0.469198 0.468355 0.000000
v -0.386078 0.491599 0.000000
v -0.124277 0.357087 0.000000
v 0.006001 0.433584 0.000000
v -0.042485 0.500000 0.000000
v 0.219923 -0.184270 0.000000
v 0.189143 -0.296064 0.000000
v 0.200759 -0.449790 0.000000
v 0.281534 -0.389812 0.000000
v 0.291010 -0.228567 0.000000
v 0.304643 -0.327188 0.000000
v 0.395714 -0.259256 0.000000
v 0.290911 -0.143860 0.000000
v 0.071527 0.399734 0.000000
v 0.288878 0.120823 0.000000
v 0.253046 0.201220 0.000000
v 0.092231 0.467070 0.000000
v 0.208444 0.392523 0.000000
v 0.377134 -0.114921 0.000000
v 0.432774 -0.028234 0.000000
v 0.450102 0.084043 0.000000
v 0.492140 -0.021200 0.000000
v 0.500000 -0.157899 0.000000
v 0.239580 0.333928 0.000000
v 0.322631 0.459814 0.000000
v 0.341006 0.282310 0.000000
v 0.373674 0.403223 0.000000
f 2 4 1
f 4 5 1
f 1 6 2
f 6 7 2
f 8 9 5
f 1 5 10
f 1 11 6
f 13 1 12
f 14 16 17
f 18 15 14
f 19 6 16
f 20 21 22
f 22 23 20
f 22 21 18
f 22 14 24
f 14 22 18
f 11 16 6
f 17 25 14
f 25 17 13
f 26 27 25
f 13 12 28
f 28 12 29
f 12 31 29
f 32 33 34
f 32 35 28
f 35 32 34
f 25 13 36
f 37 13 28
f 36 26 25
f 39 26 36
f 40 36 13
f 41 42 35
f 43 37 42
f 28 35 37
f 37 35 42
f 42 44 43
f 41 45 42
f 38 46 13
f 46 40 13
f 47 40 46
f 48 46 38
f 46 49 47
f 51 53 50
f 53 54 50
f 50 55 51
f 55 56 51
f 57 58 54
f 50 54 59
f 50 60 55
f 62 50 61
f 63 65 66
f 67 64 63
f 68 55 65
f 69 70 71
f 71 72 69
f 71 70 67
f 71 63 73
f 63 71 67
f 60 65 55
f 66 74 63
f 74 66 62
f 75 76 74
f 62 61 77
f 77 61 78
f 61 80 78
f 81 82 83
f 81 84 77
f 84 81 83
f 74 62 85
f 86 62 77
f 85 75 74
f 88 75 85
f 89 85 62
f 90 91 84
f 92 86 91
f 77 84 86
f 86 84 91
f 91 93 92
f 90 94 91
f 87 95 62
f 95 89 62
f 96 89 95
f 97 95 87
f 95 98 96
f 100 102 99
f 102 103 99
f 99 104 100
f 104 105 100
f 106 107 103
f 99 103 108
f 99 109 104
f 111 99 110
f 112 114 115
f 116 113 112
f 117 104 114
f 118 119 120
f 120 121 118
f 120 119 116
f 120 112 122
f 112 120 116
f 109 114 104
f 115 123 112
f 123 115 111
f 124 125 123
f 111 110 126
f 126 110 127
f 110 129 127
f 130 131 132
f 130 133 126
f 133 130 132
f 123 111 134
f 135 111 126
f 134 124 123
f 137 124 134
f 138 134 111
f 139 140 133
f 141 135 140
f 126 133 135
f 135 133 140
f 140 142 141
f 139 143 140
f 136 144 111
f 144 138 111
f 145 138 144
f 146 144 136
f 144 147 145
f 149 151 148
f 151 152 148
f 148 153 149
f 153 154 149
f 155 156 152
f 148 152 157
f 148 158 153
f 160 148 159
f 161 163 164
f 165 162 161
f 166 153 163
f 167 168 169
f 169 170 167
f 169 168 165
f 169 161 171
f 161 169 165
f 158 163 153
f 164 172 161
f 172 164 160
f 173 174 172
f 160 159 175
f 175 159 176
f 159 178 176
f 179 180 181
f 179 182 175
f 182 179 181
f 172 160 183
f 184 160 175
f 183 173 172
f 186 173 183
f 187 183 160
f 188 189 182
f 190 184 189
f 175 182 184
f 184 182 189
f 189 191 190
f 188 192 189
f 185 193 160
f 193 187 160
f 194 187 193
f 195 193 185
f 193 196 194
f 2 3 4
f 13 11 1
f 14 15 16
f 11 17 16
f 12 30 31
f 37 38 13
f 51 52 53
f 62 60 50
f 63 64 65
f 60 66 65
f 61 79 80
f 86 87 62
f 100 101 102
f 111 109 99
f 112 113 114
f 109 115 114
f 110 128 129
f 135 136 111
f 149 150 151
f 160 158 148
f 161 162 163
f 158 164 163
f 159 177 178
f 184 185 160
