# OBJ created with rayvertex
v -0.000004 -0.489578 -0.216757
v -0.000004 -0.449030 -0.405744
v 0.000004 -0.496773 -0.489268
v 0.000004 -0.469497 -0.500000
v 0.000004 -0.443443 -0.474996
v -0.000004 -0.435881 -0.378695
v -0.000004 -0.432667 -0.293111
v -0.000004 -0.437134 -0.315820
v -0.000004 -0.399417 -0.268726
v -0.000004 -0.467576 -0.229210
v -0.000004 -0.475890 -0.160742
v -0.000004 -0.400352 -0.374137
v -0.000004 -0.252174 -0.330998
v -0.000004 -0.255674 -0.373941
v -0.000004 -0.269326 -0.298802
v -0.000004 -0.211663 -0.183119
v -0.000004 -0.266020 -0.214787
v -0.000004 -0.275317 -0.112577
v -0.000004 -0.203796 -0.263104
v -0.000004 -0.244268 -0.383790
v -0.000004 -0.015380 -0.370635
v -0.000004 0.009646 -0.364537
v -0.000004 0.000735 -0.381080
v -0.000004 -0.207516 -0.334152
v -0.000004 -0.168156 -0.165233
v -0.000004 -0.141981 -0.251051
v -0.000004 -0.140294 -0.290998
v -0.000004 -0.130291 -0.282628
v -0.000004 -0.060600 -0.044245
v -0.000004 -0.008181 -0.204666
v -0.000004 -0.041135 -0.296515
v -0.000004 -0.012902 -0.170682
v -0.000004 0.004714 -0.313201
v -0.000004 0.008955 -0.254281
v -0.000004 -0.450432 -0.104222
v -0.000004 -0.438369 -0.117776
v -0.000004 -0.412758 -0.087294
v -0.000004 -0.402675 -0.107867
v -0.000004 -0.439306 -0.051196
v -0.000004 -0.394957 -0.055445
v -0.000004 -0.325685 -0.069135
v -0.000004 -0.285440 -0.069090
v -0.000004 -0.301158 -0.120720
v -0.000004 -0.353303 -0.169738
v -0.000004 -0.375354 -0.057724
v -0.000004 -0.285965 0.034637
v -0.000004 -0.268657 -0.058909
v -0.000004 -0.202359 -0.103414
v -0.000004 -0.202645 -0.146222
v -0.000004 -0.167664 -0.069316
v -0.000004 -0.127486 -0.144093
v -0.000004 -0.177420 -0.059256
v -0.000004 -0.075448 -0.046245
v -0.000004 0.002185 -0.145542
v -0.000004 -0.005068 -0.108690
v -0.000004 -0.015523 -0.095611
v -0.000004 -0.262243 0.033830
v -0.000004 -0.174059 0.013679
v -0.000004 -0.093888 0.026917
v -0.000004 0.003797 -0.041317
v -0.000004 -0.068727 0.034683
v -0.000004 -0.457473 0.042713
v -0.000004 -0.332126 0.069316
v -0.000004 0.030545 -0.229044
v -0.000004 0.020375 -0.146244
v -0.000004 0.058726 -0.174893
v -0.000004 0.042196 -0.226281
v -0.000004 0.026509 -0.091429
v -0.000004 0.043915 -0.118795
v -0.000004 0.081336 -0.048313
v -0.000004 0.088907 -0.115444
v -0.000004 0.154028 -0.065173
v -0.000004 0.145784 -0.221413
v -0.000004 0.194925 -0.144056
v -0.000004 0.228681 -0.100584
v -0.000004 0.218708 -0.164440
v -0.000004 0.210068 -0.097739
v -0.000004 0.234494 -0.070622
v -0.000004 0.248599 -0.107573
v -0.000004 0.337561 -0.074184
v -0.000004 0.360234 -0.117097
v -0.000004 0.318304 -0.105980
v -0.000004 0.294391 -0.083656
v -0.000004 0.177812 -0.057437
v -0.000004 0.214549 -0.065083
v -0.000004 0.200438 0.008064
v -0.000004 0.023748 -0.047566
v -0.000004 0.274609 -0.035453
v -0.000004 0.272214 -0.097346
v -0.000004 0.230188 0.017106
v -0.000004 0.067567 -0.002774
v -0.000004 0.037756 0.014117
v -0.000004 0.334654 -0.007098
v -0.000004 0.332673 -0.044630
v -0.000004 0.266778 0.032721
v -0.000004 0.327134 0.042856
v -0.000004 0.386734 -0.047611
v -0.000004 0.376333 -0.085475
v -0.000004 0.350004 -0.044139
v -0.000004 0.366773 0.004358
v -0.000004 0.439844 -0.051739
v -0.000004 0.500000 -0.005370
v -0.000004 0.497964 -0.025113
v -0.000004 0.424149 0.006924
v -0.000004 0.410056 -0.039354
v -0.000004 0.396864 0.020713
v -0.000004 -0.482379 0.060358
v -0.000004 -0.500000 0.165716
v -0.000004 -0.472853 0.073150
v -0.000004 -0.404348 0.101528
v -0.000004 -0.303510 0.059581
v -0.000004 -0.367211 0.123535
v -0.000004 -0.344770 0.090554
v -0.000004 -0.330811 0.113241
v -0.000004 -0.417315 0.174199
v -0.000004 -0.322398 0.088614
v -0.000004 -0.295489 0.126478
v -0.000004 -0.346321 0.158840
v -0.000004 -0.304055 0.165995
v -0.000004 -0.196964 0.080101
v -0.000004 -0.102314 0.070894
v -0.000004 -0.156328 0.032743
v -0.000004 -0.139357 0.075747
v -0.000004 -0.100722 0.106531
v -0.000004 -0.087743 0.111822
v -0.000004 -0.069683 0.073664
v -0.000004 -0.222897 0.143218
v -0.000004 -0.211088 0.110909
v -0.000004 -0.189113 0.138108
v -0.000004 -0.144934 0.151610
v -0.000004 -0.059394 0.097852
v -0.000004 -0.462550 0.279647
v -0.000004 -0.411961 0.232032
v -0.000004 -0.457582 0.389593
v -0.000004 -0.499160 0.333103
v -0.000004 -0.444785 0.304983
v -0.000004 -0.392892 0.255119
v -0.000004 -0.411112 0.394672
v -0.000004 -0.412807 0.367843
v -0.000004 -0.438053 0.351911
v -0.000004 -0.403697 0.311888
v -0.000004 -0.396007 0.361314
v -0.000004 -0.473771 0.435910
v -0.000004 -0.435094 0.410801
v -0.000004 -0.410722 0.500000
v -0.000004 -0.432070 0.489004
v -0.000004 -0.351411 0.179165
v -0.000004 -0.300912 0.227866
v -0.000004 -0.310790 0.256938
v -0.000004 -0.220943 0.189014
v -0.000004 -0.257066 0.240281
v -0.000004 -0.231637 0.238221
v -0.000004 -0.118273 0.203172
v -0.000004 -0.120742 0.259700
v -0.000004 -0.101464 0.265745
v -0.000004 -0.219357 0.315216
v -0.000004 -0.014764 0.083331
v -0.000004 0.009988 0.090222
v -0.000004 0.029652 0.085958
v -0.000004 0.059123 0.048230
v -0.000004 0.169549 0.091173
v -0.000004 -0.031648 0.102811
v -0.000004 0.066191 0.115867
v -0.000004 0.212387 0.083882
v -0.000004 0.099845 0.106848
v -0.000004 0.247409 0.079731
v -0.000004 0.380006 0.063973
v -0.000004 0.344820 0.099724
v -0.000004 0.393557 0.072811
v -0.000004 0.264448 0.066977
v -0.000004 -0.027703 0.194953
v -0.000004 -0.003603 0.194478
v -0.000004 0.074671 0.141218
v -0.000004 0.084452 0.188878
v -0.000004 0.078618 0.211678
v -0.000004 0.074977 0.261421
v -0.000004 0.092404 0.265013
v -0.000004 0.147328 0.123414
v -0.000004 0.187722 0.140448
v -0.000004 0.177979 0.163769
v -0.000004 0.209363 0.158810
v -0.000004 0.208728 0.128622
v -0.000004 0.231762 0.123218
v -0.000004 0.113844 0.146206
v -0.000004 0.129748 0.186267
v -0.000004 -0.071122 0.155806
v -0.153271 -0.489578 -0.153271
v -0.286907 -0.449030 -0.286903
v -0.345963 -0.496773 -0.345963
v -0.353556 -0.469498 -0.353552
v -0.335873 -0.443443 -0.335873
v -0.267775 -0.435881 -0.267779
v -0.207263 -0.432667 -0.207263
v -0.223315 -0.437134 -0.223319
v -0.190017 -0.399417 -0.190017
v -0.162078 -0.467576 -0.162074
v -0.113663 -0.475890 -0.113663
v -0.264553 -0.400352 -0.264556
v -0.234047 -0.252174 -0.234051
v -0.264417 -0.255674 -0.264417
v -0.211285 -0.269326 -0.211285
v -0.129482 -0.211663 -0.129486
v -0.151874 -0.266020 -0.151878
v -0.079603 -0.275317 -0.079603
v -0.186040 -0.203796 -0.186044
v -0.271383 -0.244268 -0.271379
v -0.262077 -0.015380 -0.262077
v -0.257768 0.009646 -0.257768
v -0.269466 0.000735 -0.269466
v -0.236281 -0.207516 -0.236281
v -0.116841 -0.168156 -0.116837
v -0.177519 -0.141981 -0.177519
v -0.205768 -0.140294 -0.205768
v -0.199851 -0.130291 -0.199848
v -0.031287 -0.060600 -0.031287
v -0.144720 -0.008181 -0.144720
v -0.209670 -0.041135 -0.209666
v -0.120690 -0.012902 -0.120690
v -0.221466 0.004714 -0.221466
v -0.179806 0.008955 -0.179802
v -0.073694 -0.450432 -0.073698
v -0.083279 -0.438369 -0.083282
v -0.061724 -0.412758 -0.061728
v -0.076275 -0.402675 -0.076275
v -0.036200 -0.439306 -0.036200
v -0.039203 -0.394957 -0.039207
v -0.048886 -0.325685 -0.048886
v -0.048856 -0.285440 -0.048852
v -0.085362 -0.301158 -0.085362
v -0.120026 -0.353303 -0.120022
v -0.040819 -0.375354 -0.040819
v 0.024494 -0.285965 0.024494
v -0.041656 -0.268657 -0.041656
v -0.073128 -0.202359 -0.073124
v -0.103392 -0.202645 -0.103395
v -0.049015 -0.167664 -0.049015
v -0.101890 -0.127486 -0.101890
v -0.041898 -0.177420 -0.041902
v -0.032698 -0.075448 -0.032702
v -0.102916 0.002185 -0.102912
v -0.076856 -0.005068 -0.076856
v -0.067603 -0.015523 -0.067607
v 0.023921 -0.262243 0.023921
v 0.009672 -0.174059 0.009672
v 0.019030 -0.093888 0.019034
v -0.029219 0.003797 -0.029215
v 0.024524 -0.068727 0.024524
v 0.030200 -0.457473 0.030204
v 0.049015 -0.332126 0.049015
v -0.161957 0.030545 -0.161957
v -0.103407 0.020375 -0.103411
v -0.123671 0.058726 -0.123667
v -0.160003 0.042196 -0.160006
v -0.064652 0.026509 -0.064649
v -0.084003 0.043915 -0.083999
v -0.034162 0.081336 -0.034162
v -0.081633 0.088907 -0.081633
v -0.046086 0.154028 -0.046083
v -0.156561 0.145784 -0.156561
v -0.101860 0.194925 -0.101863
v -0.071120 0.228681 -0.071124
v -0.116275 0.218708 -0.116278
v -0.069113 0.210068 -0.069113
v -0.049935 0.234494 -0.049939
v -0.076064 0.248599 -0.076064
v -0.052456 0.337561 -0.052456
v -0.082803 0.360234 -0.082799
v -0.074939 0.318304 -0.074939
v -0.059150 0.294391 -0.059154
v -0.040615 0.177812 -0.040615
v -0.046019 0.214548 -0.046019
v 0.005702 0.200438 0.005702
v -0.033634 0.023748 -0.033634
v -0.025068 0.274609 -0.025068
v -0.068833 0.272214 -0.068833
v 0.012094 0.230188 0.012094
v -0.001958 0.067567 -0.001962
v 0.009981 0.037756 0.009981
v -0.005023 0.334654 -0.005019
v -0.031558 0.332673 -0.031558
v 0.023136 0.266778 0.023136
v 0.030305 0.327134 0.030305
v -0.033664 0.386734 -0.033668
v -0.060441 0.376333 -0.060441
v -0.031211 0.350004 -0.031211
v 0.003083 0.366773 0.003083
v -0.036585 0.439844 -0.036585
v -0.003800 0.500000 -0.003796
v -0.017755 0.497964 -0.017758
v 0.004894 0.424149 0.004898
v -0.027830 0.410056 -0.027826
v 0.014645 0.396864 0.014645
v 0.042683 -0.482379 0.042679
v 0.117180 -0.500000 0.117180
v 0.051724 -0.472853 0.051724
v 0.071792 -0.404348 0.071792
v 0.042132 -0.303510 0.042132
v 0.087354 -0.367211 0.087354
v 0.064033 -0.344770 0.064030
v 0.080071 -0.330811 0.080075
v 0.123180 -0.417315 0.123176
v 0.062660 -0.322398 0.062660
v 0.089437 -0.295489 0.089433
v 0.112320 -0.346321 0.112316
v 0.117376 -0.304055 0.117376
v 0.056637 -0.196964 0.056641
v 0.050132 -0.102314 0.050128
v 0.023151 -0.156328 0.023155
v 0.053558 -0.139357 0.053562
v 0.075332 -0.100722 0.075328
v 0.079067 -0.087743 0.079071
v 0.052086 -0.069683 0.052086
v 0.101271 -0.222897 0.101271
v 0.078426 -0.211088 0.078426
v 0.097656 -0.189113 0.097656
v 0.107203 -0.144934 0.107203
v 0.069188 -0.059394 0.069192
v 0.197738 -0.462549 0.197742
v 0.164070 -0.411961 0.164070
v 0.275481 -0.457582 0.275485
v 0.235542 -0.499159 0.235538
v 0.215655 -0.444785 0.215655
v 0.180395 -0.392892 0.180395
v 0.279073 -0.411112 0.279077
v 0.260107 -0.412807 0.260104
v 0.248840 -0.438053 0.248840
v 0.220538 -0.403697 0.220538
v 0.255489 -0.396007 0.255489
v 0.308235 -0.473771 0.308235
v 0.290477 -0.435094 0.290481
v 0.353556 -0.410722 0.353552
v 0.345775 -0.432070 0.345779
v 0.126690 -0.351411 0.126690
v 0.161127 -0.300912 0.161127
v 0.181685 -0.310790 0.181682
v 0.133656 -0.220943 0.133652
v 0.169904 -0.257066 0.169904
v 0.168448 -0.231637 0.168448
v 0.143663 -0.118273 0.143663
v 0.183633 -0.120742 0.183636
v 0.187912 -0.101464 0.187912
v 0.222893 -0.219357 0.222893
v 0.058924 -0.014764 0.058924
v 0.063800 0.009988 0.063796
v 0.060781 0.029652 0.060781
v 0.034102 0.059123 0.034105
v 0.064471 0.169549 0.064467
v 0.072698 -0.031648 0.072698
v 0.081928 0.066191 0.081931
v 0.059317 0.212387 0.059313
v 0.075550 0.099845 0.075554
v 0.056381 0.247409 0.056377
v 0.045234 0.380006 0.045237
v 0.070516 0.344820 0.070516
v 0.051483 0.393557 0.051486
v 0.047362 0.264448 0.047358
v 0.137852 -0.027703 0.137852
v 0.137520 -0.003603 0.137516
v 0.099860 0.074671 0.099856
v 0.133557 0.084452 0.133557
v 0.149678 0.078618 0.149678
v 0.184855 0.074977 0.184851
v 0.187391 0.092404 0.187391
v 0.087263 0.147328 0.087267
v 0.099309 0.187722 0.099312
v 0.115799 0.177979 0.115803
v 0.112297 0.209363 0.112297
v 0.090946 0.208728 0.090950
v 0.087128 0.231762 0.087128
v 0.103384 0.113844 0.103384
v 0.131708 0.129748 0.131708
v 0.110169 -0.071122 0.110173
v -0.153271 -0.489578 0.153271
v -0.286907 -0.449030 0.286903
v -0.345963 -0.496773 0.345963
v -0.353556 -0.469498 0.353552
v -0.335873 -0.443443 0.335873
v -0.267775 -0.435881 0.267779
v -0.207263 -0.432667 0.207263
v -0.223315 -0.437134 0.223319
v -0.190017 -0.399417 0.190017
v -0.162078 -0.467576 0.162074
v -0.113663 -0.475890 0.113663
v -0.264553 -0.400352 0.264556
v -0.234047 -0.252174 0.234051
v -0.264417 -0.255674 0.264417
v -0.211285 -0.269326 0.211285
v -0.129482 -0.211663 0.129486
v -0.151874 -0.266020 0.151878
v -0.079603 -0.275317 0.079603
v -0.186040 -0.203796 0.186044
v -0.271383 -0.244268 0.271379
v -0.262077 -0.015380 0.262077
v -0.257768 0.009646 0.257768
v -0.269466 0.000735 0.269466
v -0.236281 -0.207516 0.236281
v -0.116841 -0.168156 0.116837
v -0.177519 -0.141981 0.177519
v -0.205768 -0.140294 0.205768
v -0.199851 -0.130291 0.199848
v -0.031287 -0.060600 0.031287
v -0.144720 -0.008181 0.144720
v -0.209670 -0.041135 0.209666
v -0.120690 -0.012902 0.120690
v -0.221466 0.004714 0.221466
v -0.179806 0.008955 0.179802
v -0.073694 -0.450432 0.073698
v -0.083279 -0.438369 0.083282
v -0.061724 -0.412758 0.061728
v -0.076275 -0.402675 0.076275
v -0.036200 -0.439306 0.036200
v -0.039203 -0.394957 0.039207
v -0.048886 -0.325685 0.048886
v -0.048856 -0.285440 0.048852
v -0.085362 -0.301158 0.085362
v -0.120026 -0.353303 0.120022
v -0.040819 -0.375354 0.040819
v 0.024494 -0.285965 -0.024494
v -0.041656 -0.268657 0.041656
v -0.073128 -0.202359 0.073124
v -0.103392 -0.202645 0.103395
v -0.049015 -0.167664 0.049015
v -0.101890 -0.127486 0.101890
v -0.041898 -0.177420 0.041902
v -0.032698 -0.075448 0.032702
v -0.102916 0.002185 0.102912
v -0.076856 -0.005068 0.076856
v -0.067603 -0.015523 0.067607
v 0.023921 -0.262243 -0.023921
v 0.009672 -0.174059 -0.009672
v 0.019030 -0.093888 -0.019034
v -0.029219 0.003797 0.029215
v 0.024524 -0.068727 -0.024524
v 0.030200 -0.457473 -0.030204
v 0.049015 -0.332126 -0.049015
v -0.161957 0.030545 0.161957
v -0.103407 0.020375 0.103411
v -0.123671 0.058726 0.123667
v -0.160003 0.042196 0.160006
v -0.064652 0.026509 0.064649
v -0.084003 0.043915 0.083999
v -0.034162 0.081336 0.034162
v -0.081633 0.088907 0.081633
v -0.046086 0.154028 0.046083
v -0.156561 0.145784 0.156561
v -0.101860 0.194925 0.101863
v -0.071120 0.228681 0.071124
v -0.116275 0.218708 0.116278
v -0.069113 0.210067 0.069113
v -0.049935 0.234494 0.049939
v -0.076064 0.248599 0.076064
v -0.052456 0.337561 0.052456
v -0.082803 0.360234 0.082799
v -0.074939 0.318304 0.074939
v -0.059150 0.294391 0.059154
v -0.040615 0.177812 0.040615
v -0.046019 0.214548 0.046019
v 0.005702 0.200438 -0.005702
v -0.033634 0.023748 0.033634
v -0.025068 0.274609 0.025068
v -0.068833 0.272214 0.068833
v 0.012094 0.230188 -0.012094
v -0.001958 0.067567 0.001962
v 0.009981 0.037756 -0.009981
v -0.005023 0.334654 0.005019
v -0.031558 0.332673 0.031558
v 0.023136 0.266778 -0.023136
v 0.030305 0.327134 -0.030305
v -0.033664 0.386734 0.033668
v -0.060441 0.376333 0.060441
v -0.031211 0.350004 0.031211
v 0.003083 0.366773 -0.003083
v -0.036585 0.439844 0.036585
v -0.003800 0.500000 0.003796
v -0.017755 0.497964 0.017758
v 0.004894 0.424149 -0.004898
v -0.027830 0.410056 0.027826
v 0.014645 0.396864 -0.014645
v 0.042683 -0.482379 -0.042679
v 0.117180 -0.500000 -0.117180
v 0.051724 -0.472853 -0.051724
v 0.071792 -0.404348 -0.071792
v 0.042132 -0.303510 -0.042132
v 0.087354 -0.367211 -0.087354
v 0.064033 -0.344770 -0.064030
v 0.080071 -0.330811 -0.080075
v 0.123180 -0.417315 -0.123176
v 0.062660 -0.322398 -0.062660
v 0.089437 -0.295489 -0.089433
v 0.112320 -0.346321 -0.112316
v 0.117376 -0.304055 -0.117376
v 0.056637 -0.196964 -0.056641
v 0.050132 -0.102314 -0.050128
v 0.023151 -0.156328 -0.023155
v 0.053558 -0.139357 -0.053562
v 0.075332 -0.100722 -0.075328
v 0.079067 -0.087743 -0.079071
v 0.052086 -0.069683 -0.052086
v 0.101271 -0.222897 -0.101271
v 0.078426 -0.211088 -0.078426
v 0.097656 -0.189113 -0.097656
v 0.107203 -0.144934 -0.107203
v 0.069188 -0.059394 -0.069192
v 0.197738 -0.462549 -0.197742
v 0.164070 -0.411961 -0.164070
v 0.275481 -0.457582 -0.275485
v 0.235542 -0.499159 -0.235538
v 0.215655 -0.444785 -0.215655
v 0.180395 -0.392892 -0.180395
v 0.279073 -0.411112 -0.279077
v 0.260107 -0.412806 -0.260104
v 0.248840 -0.438053 -0.248840
v 0.220538 -0.403697 -0.220538
v 0.255489 -0.396007 -0.255489
v 0.308235 -0.473771 -0.308235
v 0.290477 -0.435094 -0.290481
v 0.353556 -0.410722 -0.353552
v 0.345775 -0.432070 -0.345779
v 0.126690 -0.351411 -0.126690
v 0.161127 -0.300912 -0.161127
v 0.181685 -0.310790 -0.181682
v 0.133656 -0.220943 -0.133652
v 0.169904 -0.257066 -0.169904
v 0.168448 -0.231637 -0.168448
v 0.143663 -0.118273 -0.143663
v 0.183633 -0.120742 -0.183636
v 0.187912 -0.101464 -0.187912
v 0.222893 -0.219357 -0.222893
v 0.058924 -0.014764 -0.058924
v 0.063800 0.009988 -0.063796
v 0.060781 0.029652 -0.060781
v 0.034102 0.059123 -0.034105
v 0.064471 0.169550 -0.064467
v 0.072698 -0.031648 -0.072698
v 0.081928 0.066191 -0.081931
v 0.059317 0.212387 -0.059313
v 0.075550 0.099845 -0.075554
v 0.056381 0.247409 -0.056377
v 0.045234 0.380006 -0.045237
v 0.070516 0.344820 -0.070516
v 0.051483 0.393557 -0.051486
v 0.047362 0.264448 -0.047358
v 0.137852 -0.027703 -0.137852
v 0.137520 -0.003603 -0.137516
v 0.099860 0.074671 -0.099856
v 0.133557 0.084452 -0.133557
v 0.149678 0.078618 -0.149678
v 0.184855 0.074977 -0.184851
v 0.187391 0.092404 -0.187391
v 0.087263 0.147328 -0.087267
v 0.099309 0.187722 -0.099312
v 0.115799 0.177979 -0.115803
v 0.112297 0.209363 -0.112297
v 0.090946 0.208728 -0.090950
v 0.087128 0.231763 -0.087128
v 0.103384 0.113844 -0.103384
v 0.131708 0.129748 -0.131708
v 0.110169 -0.071122 -0.110173
v -0.216757 -0.489578 0.000000
v -0.405744 -0.449030 0.000000
v -0.489268 -0.496773 0.000000
v -0.500000 -0.469498 0.000000
v -0.474996 -0.443443 0.000000
v -0.378695 -0.435881 0.000000
v -0.293111 -0.432667 0.000000
v -0.315820 -0.437134 0.000000
v -0.268726 -0.399417 0.000000
v -0.229210 -0.467576 0.000000
v -0.160742 -0.475890 0.000000
v -0.374137 -0.400352 0.000000
v -0.330998 -0.252174 0.000000
v -0.373941 -0.255674 0.000000
v -0.298802 -0.269326 0.000000
v -0.183119 -0.211663 0.000000
v -0.214787 -0.266020 0.000000
v -0.112577 -0.275317 0.000000
v -0.263104 -0.203796 0.000000
v -0.383790 -0.244268 0.000000
v -0.370635 -0.015380 0.000000
v -0.364537 0.009646 0.000000
v -0.381080 0.000735 0.000000
v -0.334152 -0.207516 0.000000
v -0.165233 -0.168156 0.000000
v -0.251051 -0.141981 0.000000
v -0.290998 -0.140294 0.000000
v -0.282628 -0.130291 0.000000
v -0.044245 -0.060600 0.000000
v -0.204666 -0.008181 0.000000
v -0.296515 -0.041135 0.000000
v -0.170682 -0.012902 0.000000
v -0.313201 0.004714 0.000000
v -0.254281 0.008955 0.000000
v -0.104222 -0.450432 0.000000
v -0.117776 -0.438369 0.000000
v -0.087294 -0.412758 0.000000
v -0.107867 -0.402675 0.000000
v -0.051196 -0.439306 0.000000
v -0.055445 -0.394957 0.000000
v -0.069135 -0.325685 0.000000
v -0.069090 -0.285440 0.000000
v -0.120720 -0.301158 0.000000
v -0.169738 -0.353303 0.000000
v -0.057724 -0.375354 0.000000
v 0.034637 -0.285965 0.000000
v -0.058909 -0.268657 0.000000
v -0.103414 -0.202359 0.000000
v -0.146222 -0.202645 0.000000
v -0.069316 -0.167664 0.000000
v -0.144093 -0.127486 0.000000
v -0.059256 -0.177420 0.000000
v -0.046245 -0.075448 0.000000
v -0.145542 0.002185 0.000000
v -0.108690 -0.005068 0.000000
v -0.095611 -0.015523 0.000000
v 0.033830 -0.262243 0.000000
v 0.013679 -0.174059 0.000000
v 0.026917 -0.093888 0.000000
v -0.041317 0.003797 0.000000
v 0.034683 -0.068727 0.000000
v 0.042713 -0.457473 0.000000
v 0.069316 -0.332126 0.000000
v -0.229044 0.030545 0.000000
v -0.146244 0.020375 0.000000
v -0.174893 0.058726 0.000000
v -0.226281 0.042196 0.000000
v -0.091429 0.026509 0.000000
v -0.118795 0.043915 0.000000
v -0.048313 0.081336 0.000000
v -0.115444 0.088907 0.000000
v -0.065173 0.154028 0.000000
v -0.221413 0.145784 0.000000
v -0.144056 0.194925 0.000000
v -0.100584 0.228681 0.000000
v -0.164440 0.218708 0.000000
v -0.097739 0.210067 0.000000
v -0.070622 0.234494 0.000000
v -0.107573 0.248599 0.000000
v -0.074184 0.337561 0.000000
v -0.117097 0.360234 0.000000
v -0.105980 0.318304 0.000000
v -0.083656 0.294391 0.000000
v -0.057437 0.177812 0.000000
v -0.065083 0.214548 0.000000
v 0.008064 0.200438 0.000000
v -0.047566 0.023748 0.000000
v -0.035453 0.274609 0.000000
v -0.097346 0.272214 0.000000
v 0.017106 0.230188 0.000000
v -0.002774 0.067567 0.000000
v 0.014117 0.037756 0.000000
v -0.007098 0.334654 0.000000
v -0.044630 0.332673 0.000000
v 0.032721 0.266778 0.000000
v 0.042856 0.327134 0.000000
v -0.047611 0.386734 0.000000
v -0.085475 0.376333 0.000000
v -0.044139 0.350004 0.000000
v 0.004358 0.366773 0.000000
v -0.051739 0.439844 0.000000
v -0.005370 0.500000 0.000000
v -0.025113 0.497964 0.000000
v 0.006924 0.424149 0.000000
v -0.039354 0.410056 0.000000
v 0.020713 0.396864 0.000000
v 0.060358 -0.482379 0.000000
v 0.165716 -0.500000 0.000000
v 0.073150 -0.472853 0.000000
v 0.101528 -0.404348 0.000000
v 0.059581 -0.303510 0.000000
v 0.123535 -0.367211 0.000000
v 0.090554 -0.344770 0.000000
v 0.113241 -0.330811 0.000000
v 0.174199 -0.417315 0.000000
v 0.088614 -0.322398 0.000000
v 0.126478 -0.295489 0.000000
v 0.158840 -0.346321 0.000000
v 0.165995 -0.304055 0.000000
v 0.080101 -0.196964 0.000000
v 0.070894 -0.102314 0.000000
v 0.032743 -0.156328 0.000000
v 0.075747 -0.139357 0.000000
v 0.106531 -0.100722 0.000000
v 0.111822 -0.087743 0.000000
v 0.073664 -0.069683 0.000000
v 0.143218 -0.222897 0.000000
v 0.110909 -0.211088 0.000000
v 0.138108 -0.189113 0.000000
v 0.151610 -0.144934 0.000000
v 0.097852 -0.059394 0.000000
v 0.279647 -0.462549 0.000000
v 0.232032 -0.411961 0.000000
v 0.389593 -0.457582 0.000000
v 0.333103 -0.499159 0.000000
v 0.304983 -0.444785 0.000000
v 0.255119 -0.392892 0.000000
v 0.394672 -0.411112 0.000000
v 0.367843 -0.412807 0.000000
v 0.351911 -0.438053 0.000000
v 0.311888 -0.403697 0.000000
v 0.361314 -0.396007 0.000000
v 0.435910 -0.473771 0.000000
v 0.410801 -0.435094 0.000000
v 0.500000 -0.410722 0.000000
v 0.489004 -0.432070 0.000000
v 0.179165 -0.351411 0.000000
v 0.227866 -0.300912 0.000000
v 0.256938 -0.310790 0.000000
v 0.189014 -0.220943 0.000000
v 0.240281 -0.257066 0.000000
v 0.238221 -0.231637 0.000000
v 0.203172 -0.118273 0.000000
v 0.259700 -0.120742 0.000000
v 0.265745 -0.101464 0.000000
v 0.315216 -0.219357 0.000000
v 0.083331 -0.014764 0.000000
v 0.090222 0.009988 0.000000
v 0.085958 0.029652 0.000000
v 0.048230 0.059123 0.000000
v 0.091173 0.169549 0.000000
v 0.102811 -0.031648 0.000000
v 0.115867 0.066191 0.000000
v 0.083882 0.212387 0.000000
v 0.106848 0.099845 0.000000
v 0.079731 0.247409 0.000000
v 0.063973 0.380006 0.000000
v 0.099724 0.344820 0.000000
v 0.072811 0.393557 0.000000
v 0.066977 0.264448 0.000000
v 0.194953 -0.027703 0.000000
v 0.194478 -0.003603 0.000000
v 0.141218 0.074671 0.000000
v 0.188878 0.084452 0.000000
v 0.211678 0.078618 0.000000
v 0.261421 0.074977 0.000000
v 0.265013 0.092404 0.000000
v 0.123414 0.147328 0.000000
v 0.140448 0.187722 0.000000
v 0.163769 0.177979 0.000000
v 0.158810 0.209363 0.000000
v 0.128622 0.208728 0.000000
v 0.123218 0.231762 0.000000
v 0.146206 0.113844 0.000000
v 0.186267 0.129748 0.000000
v 0.155806 -0.071122 0.000000
f 1 2 3
f 4 3 5
f 2 5 3
f 1 6 2
f 1 7 8
f 9 7 10
f 10 1 11
f 7 1 10
f 12 6 8
f 13 14 15
f 16 17 18
f 8 6 1
f 17 19 15
f 13 20 14
f 21 22 23
f 13 15 24
f 15 19 24
f 25 26 27
f 16 19 17
f 26 28 27
f 29 30 31
f 30 29 32
f 33 21 31
f 34 31 30
f 11 35 36
f 11 36 10
f 36 37 38
f 37 36 35
f 35 39 37
f 40 37 39
f 41 42 43
f 41 44 45
f 45 46 41
f 47 41 46
f 48 49 18
f 50 51 25
f 47 48 18
f 49 16 18
f 52 48 47
f 51 50 53
f 29 54 32
f 29 55 54
f 56 55 29
f 51 26 25
f 47 58 52
f 58 53 52
f 53 50 52
f 29 60 56
f 61 60 29
f 59 29 53
f 47 42 41
f 40 63 45
f 31 34 33
f 30 64 34
f 65 66 67
f 55 69 65
f 55 65 54
f 68 70 69
f 69 66 65
f 71 72 73
f 70 72 71
f 74 75 76
f 74 77 75
f 75 77 78
f 78 79 75
f 80 81 82
f 82 83 80
f 77 74 84
f 77 84 85
f 72 86 84
f 87 70 68
f 85 84 86
f 88 89 78
f 89 79 78
f 85 88 78
f 90 85 86
f 87 91 70
f 92 91 87
f 60 92 87
f 94 88 93
f 72 70 91
f 95 93 88
f 83 94 80
f 97 98 99
f 99 100 97
f 93 99 94
f 101 102 103
f 101 104 102
f 105 104 101
f 100 105 97
f 99 93 100
f 39 62 40
f 107 108 109
f 109 110 62
f 47 46 57
f 45 63 111
f 111 46 45
f 110 63 62
f 112 113 110
f 110 113 63
f 114 113 112
f 110 108 115
f 116 114 117
f 116 117 111
f 63 116 111
f 119 114 118
f 58 57 120
f 121 122 123
f 59 58 122
f 123 124 121
f 124 126 121
f 29 59 61
f 127 128 57
f 128 129 120
f 124 123 130
f 131 126 125
f 57 128 120
f 112 118 114
f 132 133 108
f 134 132 135
f 108 135 132
f 108 133 115
f 132 137 133
f 134 139 140
f 141 140 142
f 140 139 142
f 137 136 141
f 143 144 134
f 143 145 144
f 145 143 146
f 134 135 143
f 134 144 138
f 118 147 119
f 147 148 119
f 148 147 149
f 150 127 151
f 127 57 151
f 152 150 151
f 124 130 153
f 130 154 153
f 155 153 154
f 151 156 152
f 61 92 60
f 126 157 61
f 158 159 92
f 72 91 86
f 91 161 86
f 126 162 157
f 126 131 162
f 163 160 159
f 164 86 161
f 161 160 165
f 158 92 157
f 88 90 95
f 166 95 90
f 106 104 105
f 167 106 100
f 168 96 95
f 106 167 169
f 166 170 95
f 171 162 131
f 158 163 159
f 173 163 158
f 160 163 165
f 158 174 173
f 174 158 175
f 176 175 158
f 177 175 176
f 178 179 161
f 178 161 165
f 179 178 180
f 179 181 182
f 182 183 164
f 181 183 182
f 161 182 164
f 184 174 185
f 179 180 181
f 125 186 131
f 187 188 189
f 190 189 191
f 188 191 189
f 187 192 188
f 187 193 194
f 195 193 196
f 196 187 197
f 193 187 196
f 198 192 194
f 199 200 201
f 202 203 204
f 194 192 187
f 203 205 201
f 199 206 200
f 207 208 209
f 199 201 210
f 201 205 210
f 211 212 213
f 202 205 203
f 212 214 213
f 215 216 217
f 216 215 218
f 219 207 217
f 220 217 216
f 197 221 222
f 197 222 196
f 222 223 224
f 223 222 221
f 221 225 223
f 226 223 225
f 227 228 229
f 227 230 231
f 231 232 227
f 233 227 232
f 234 235 204
f 236 237 211
f 233 234 204
f 235 202 204
f 238 234 233
f 237 236 239
f 215 240 218
f 215 241 240
f 242 241 215
f 237 212 211
f 233 244 238
f 244 239 238
f 239 236 238
f 215 246 242
f 247 246 215
f 245 215 239
f 233 228 227
f 226 249 231
f 217 220 219
f 216 250 220
f 251 252 253
f 241 255 251
f 241 251 240
f 254 256 255
f 255 252 251
f 257 258 259
f 256 258 257
f 260 261 262
f 260 263 261
f 261 263 264
f 264 265 261
f 266 267 268
f 268 269 266
f 263 260 270
f 263 270 271
f 258 272 270
f 273 256 254
f 271 270 272
f 274 275 264
f 275 265 264
f 271 274 264
f 276 271 272
f 273 277 256
f 278 277 273
f 246 278 273
f 280 274 279
f 258 256 277
f 281 279 274
f 269 280 266
f 283 284 285
f 285 286 283
f 279 285 280
f 287 288 289
f 287 290 288
f 291 290 287
f 286 291 283
f 285 279 286
f 225 248 226
f 293 294 295
f 295 296 248
f 233 232 243
f 231 249 297
f 297 232 231
f 296 249 248
f 298 299 296
f 296 299 249
f 300 299 298
f 296 294 301
f 302 300 303
f 302 303 297
f 249 302 297
f 305 300 304
f 244 243 306
f 307 308 309
f 245 244 308
f 309 310 307
f 310 312 307
f 215 245 247
f 313 314 243
f 314 315 306
f 310 309 316
f 317 312 311
f 243 314 306
f 298 304 300
f 318 319 294
f 320 318 321
f 294 321 318
f 294 319 301
f 318 323 319
f 320 325 326
f 327 326 328
f 326 325 328
f 323 322 327
f 329 330 320
f 329 331 330
f 331 329 332
f 320 321 329
f 320 330 324
f 304 333 305
f 333 334 305
f 334 333 335
f 336 313 337
f 313 243 337
f 338 336 337
f 310 316 339
f 316 340 339
f 341 339 340
f 337 342 338
f 247 278 246
f 312 343 247
f 344 345 278
f 258 277 272
f 277 347 272
f 312 348 343
f 312 317 348
f 349 346 345
f 350 272 347
f 347 346 351
f 344 278 343
f 274 276 281
f 352 281 276
f 292 290 291
f 353 292 286
f 354 282 281
f 292 353 355
f 352 356 281
f 357 348 317
f 344 349 345
f 359 349 344
f 346 349 351
f 344 360 359
f 360 344 361
f 362 361 344
f 363 361 362
f 364 365 347
f 364 347 351
f 365 364 366
f 365 367 368
f 368 369 350
f 367 369 368
f 347 368 350
f 370 360 371
f 365 366 367
f 311 372 317
f 373 374 375
f 376 375 377
f 374 377 375
f 373 378 374
f 373 379 380
f 381 379 382
f 382 373 383
f 379 373 382
f 384 378 380
f 385 386 387
f 388 389 390
f 380 378 373
f 389 391 387
f 385 392 386
f 393 394 395
f 385 387 396
f 387 391 396
f 397 398 399
f 388 391 389
f 398 400 399
f 401 402 403
f 402 401 404
f 405 393 403
f 406 403 402
f 383 407 408
f 383 408 382
f 408 409 410
f 409 408 407
f 407 411 409
f 412 409 411
f 413 414 415
f 413 416 417
f 417 418 413
f 419 413 418
f 420 421 390
f 422 423 397
f 419 420 390
f 421 388 390
f 424 420 419
f 423 422 425
f 401 426 404
f 401 427 426
f 428 427 401
f 423 398 397
f 419 430 424
f 430 425 424
f 425 422 424
f 401 432 428
f 433 432 401
f 431 401 425
f 419 414 413
f 412 435 417
f 403 406 405
f 402 436 406
f 437 438 439
f 427 441 437
f 427 437 426
f 440 442 441
f 441 438 437
f 443 444 445
f 442 444 443
f 446 447 448
f 446 449 447
f 447 449 450
f 450 451 447
f 452 453 454
f 454 455 452
f 449 446 456
f 449 456 457
f 444 458 456
f 459 442 440
f 457 456 458
f 460 461 450
f 461 451 450
f 457 460 450
f 462 457 458
f 459 463 442
f 464 463 459
f 432 464 459
f 466 460 465
f 444 442 463
f 467 465 460
f 455 466 452
f 469 470 471
f 471 472 469
f 465 471 466
f 473 474 475
f 473 476 474
f 477 476 473
f 472 477 469
f 471 465 472
f 411 434 412
f 479 480 481
f 481 482 434
f 419 418 429
f 417 435 483
f 483 418 417
f 482 435 434
f 484 485 482
f 482 485 435
f 486 485 484
f 482 480 487
f 488 486 489
f 488 489 483
f 435 488 483
f 491 486 490
f 430 429 492
f 493 494 495
f 431 430 494
f 495 496 493
f 496 498 493
f 401 431 433
f 499 500 429
f 500 501 492
f 496 495 502
f 503 498 497
f 429 500 492
f 484 490 486
f 504 505 480
f 506 504 507
f 480 507 504
f 480 505 487
f 504 509 505
f 506 511 512
f 513 512 514
f 512 511 514
f 509 508 513
f 515 516 506
f 515 517 516
f 517 515 518
f 506 507 515
f 506 516 510
f 490 519 491
f 519 520 491
f 520 519 521
f 522 499 523
f 499 429 523
f 524 522 523
f 496 502 525
f 502 526 525
f 527 525 526
f 523 528 524
f 433 464 432
f 498 529 433
f 530 531 464
f 444 463 458
f 463 533 458
f 498 534 529
f 498 503 534
f 535 532 531
f 536 458 533
f 533 532 537
f 530 464 529
f 460 462 467
f 538 467 462
f 478 476 477
f 539 478 472
f 540 468 467
f 478 539 541
f 538 542 467
f 543 534 503
f 530 535 531
f 545 535 530
f 532 535 537
f 530 546 545
f 546 530 547
f 548 547 530
f 549 547 548
f 550 551 533
f 550 533 537
f 551 550 552
f 551 553 554
f 554 555 536
f 553 555 554
f 533 554 536
f 556 546 557
f 551 552 553
f 497 558 503
f 559 560 561
f 562 561 563
f 560 563 561
f 559 564 560
f 559 565 566
f 567 565 568
f 568 559 569
f 565 559 568
f 570 564 566
f 571 572 573
f 574 575 576
f 566 564 559
f 575 577 573
f 571 578 572
f 579 580 581
f 571 573 582
f 573 577 582
f 583 584 585
f 574 577 575
f 584 586 585
f 587 588 589
f 588 587 590
f 591 579 589
f 592 589 588
f 569 593 594
f 569 594 568
f 594 595 596
f 595 594 593
f 593 597 595
f 598 595 597
f 599 600 601
f 599 602 603
f 603 604 599
f 605 599 604
f 606 607 576
f 608 609 583
f 605 606 576
f 607 574 576
f 610 606 605
f 609 608 611
f 587 612 590
f 587 613 612
f 614 613 587
f 609 584 583
f 605 616 610
f 616 611 610
f 611 608 610
f 587 618 614
f 619 618 587
f 617 587 611
f 605 600 599
f 598 621 603
f 589 592 591
f 588 622 592
f 623 624 625
f 613 627 623
f 613 623 612
f 626 628 627
f 627 624 623
f 629 630 631
f 628 630 629
f 632 633 634
f 632 635 633
f 633 635 636
f 636 637 633
f 638 639 640
f 640 641 638
f 635 632 642
f 635 642 643
f 630 644 642
f 645 628 626
f 643 642 644
f 646 647 636
f 647 637 636
f 643 646 636
f 648 643 644
f 645 649 628
f 650 649 645
f 618 650 645
f 652 646 651
f 630 628 649
f 653 651 646
f 641 652 638
f 655 656 657
f 657 658 655
f 651 657 652
f 659 660 661
f 659 662 660
f 663 662 659
f 658 663 655
f 657 651 658
f 597 620 598
f 665 666 667
f 667 668 620
f 605 604 615
f 603 621 669
f 669 604 603
f 668 621 620
f 670 671 668
f 668 671 621
f 672 671 670
f 668 666 673
f 674 672 675
f 674 675 669
f 621 674 669
f 677 672 676
f 616 615 678
f 679 680 681
f 617 616 680
f 681 682 679
f 682 684 679
f 587 617 619
f 685 686 615
f 686 687 678
f 682 681 688
f 689 684 683
f 615 686 678
f 670 676 672
f 690 691 666
f 692 690 693
f 666 693 690
f 666 691 673
f 690 695 691
f 692 697 698
f 699 698 700
f 698 697 700
f 695 694 699
f 701 702 692
f 701 703 702
f 703 701 704
f 692 693 701
f 692 702 696
f 676 705 677
f 705 706 677
f 706 705 707
f 708 685 709
f 685 615 709
f 710 708 709
f 682 688 711
f 688 712 711
f 713 711 712
f 709 714 710
f 619 650 618
f 684 715 619
f 716 717 650
f 630 649 644
f 649 719 644
f 684 720 715
f 684 689 720
f 721 718 717
f 722 644 719
f 719 718 723
f 716 650 715
f 646 648 653
f 724 653 648
f 664 662 663
f 725 664 658
f 726 654 653
f 664 725 727
f 724 728 653
f 729 720 689
f 716 721 717
f 731 721 716
f 718 721 723
f 716 732 731
f 732 716 733
f 734 733 716
f 735 733 734
f 736 737 719
f 736 719 723
f 737 736 738
f 737 739 740
f 740 741 722
f 739 741 740
f 719 740 722
f 742 732 743
f 737 738 739
f 683 744 689
f 33 22 21
f 47 57 58
f 58 59 53
f 40 62 63
f 55 68 69
f 90 88 85
f 94 83 88
f 95 96 93
f 100 106 105
f 110 109 108
f 119 117 114
f 121 59 122
f 124 125 126
f 132 136 137
f 134 138 139
f 141 136 140
f 61 157 92
f 91 160 161
f 171 172 162
f 184 173 174
f 219 208 207
f 233 243 244
f 244 245 239
f 226 248 249
f 241 254 255
f 276 274 271
f 280 269 274
f 281 282 279
f 286 292 291
f 296 295 294
f 305 303 300
f 307 245 308
f 310 311 312
f 318 322 323
f 320 324 325
f 327 322 326
f 247 343 278
f 277 346 347
f 357 358 348
f 370 359 360
f 405 394 393
f 419 429 430
f 430 431 425
f 412 434 435
f 427 440 441
f 462 460 457
f 466 455 460
f 467 468 465
f 472 478 477
f 482 481 480
f 491 489 486
f 493 431 494
f 496 497 498
f 504 508 509
f 506 510 511
f 513 508 512
f 433 529 464
f 463 532 533
f 543 544 534
f 556 545 546
f 591 580 579
f 605 615 616
f 616 617 611
f 598 620 621
f 613 626 627
f 648 646 643
f 652 641 646
f 653 654 651
f 658 664 663
f 668 667 666
f 677 675 672
f 679 617 680
f 682 683 684
f 690 694 695
f 692 696 697
f 699 694 698
f 619 715 650
f 649 718 719
f 729 730 720
f 742 731 732
