# OBJ created with rayvertex
v 0.041094 0.493968 0.002641
v 0.000181 0.500000 -0.000089
v 0.012450 0.494836 0.039170
v 0.035728 0.468403 0.059041
v 0.070673 0.464067 0.023623
v 0.059570 0.397199 0.058644
v 0.089450 0.392565 0.028604
v 0.065361 0.360021 0.050656
v 0.105934 0.247285 0.053405
v 0.089273 0.268252 0.028631
v 0.032856 0.259961 0.082970
v 0.136818 0.230201 0.068983
v 0.061145 0.225522 0.094027
v 0.200940 0.245710 0.104169
v 0.157016 0.244287 0.094722
v 0.112134 0.241600 0.196806
v 0.294609 0.227469 0.151138
v 0.264143 0.208242 0.261634
v 0.277369 0.179769 0.274753
v 0.348447 0.183084 0.175970
v 0.331824 0.211364 0.167565
v 0.261487 0.151538 0.259005
v 0.328488 0.154778 0.165882
v 0.313904 0.134112 0.120229
v 0.184170 0.127909 0.282737
v 0.240702 0.105188 0.134877
v 0.169709 -0.026175 0.102269
v 0.146994 -0.000796 0.074129
v 0.085613 -0.002084 0.139977
v 0.165933 -0.044989 0.164260
v 0.158676 -0.067520 0.157064
v 0.199318 -0.067517 0.100578
v 0.208437 -0.044922 0.105188
v 0.110304 -0.089852 0.052463
v 0.159486 -0.074462 0.098026
v 0.075668 -0.073379 0.150925
v 0.050761 -0.082149 0.102987
v 0.105757 -0.097356 0.032040
v 0.086300 -0.086793 0.030955
v 0.070943 -0.086741 0.058065
v 0.074402 -0.101464 0.080020
v 0.136424 -0.098762 0.097586
v 0.272775 -0.122717 0.137718
v 0.240023 -0.109532 0.061215
v 0.114497 -0.109658 0.215607
v 0.305063 -0.134414 0.154037
v 0.150592 -0.134979 0.301793
v 0.334202 -0.156363 0.168769
v 0.266034 -0.155985 0.263514
v 0.262328 -0.189742 0.259839
v 0.331600 -0.190538 0.161674
v 0.177051 -0.287603 0.089324
v 0.219269 -0.263834 0.122600
v 0.066079 -0.284855 0.192165
v 0.145087 -0.306176 0.073164
v 0.085852 -0.303316 0.142061
v 0.105934 -0.336022 0.052046
v 0.071924 -0.334951 0.095378
v 0.091489 -0.393506 0.029909
v 0.068503 -0.391440 0.067651
v 0.173646 -0.401492 0.079171
v 0.138246 -0.416797 0.048189
v 0.091751 -0.417051 0.113288
v 0.316992 -0.343968 0.157963
v 0.247327 -0.367409 0.122603
v 0.168072 -0.348124 0.304831
v 0.390410 -0.336779 0.193756
v 0.278612 -0.337700 0.276509
v 0.429879 -0.343435 0.217136
v 0.315162 -0.335380 0.312224
v 0.342185 -0.343616 0.339018
v 0.359565 -0.369164 0.356248
v 0.451714 -0.368630 0.228174
v 0.347204 -0.402081 0.343990
v 0.436179 -0.400915 0.220321
v 0.408577 -0.420851 0.206369
v 0.364746 -0.441291 0.183000
v 0.325230 -0.422511 0.322208
v 0.220859 -0.447109 0.345465
v 0.091666 -0.487584 0.190710
v 0.305280 -0.464472 0.105655
v 0.063431 0.328785 -0.002328
v 0.081019 0.360626 0.005459
v 0.053703 0.326987 0.034298
v 0.069801 0.297998 -0.000687
v 0.051749 0.293293 0.048687
v 0.151426 0.236330 0.023400
v 0.117230 0.252389 0.018149
v 0.180973 0.247828 0.027986
v 0.219485 0.248542 0.033966
v 0.327778 0.228172 0.049386
v 0.367286 0.213166 0.056918
v 0.385685 0.184914 0.059775
v 0.363603 0.156547 0.056347
v 0.279554 0.108850 -0.001058
v 0.227700 0.084203 0.002741
v 0.192184 0.062177 -0.004660
v 0.190779 0.080674 0.116357
v 0.161054 0.035505 0.005166
v 0.168080 0.061336 0.097594
v 0.164891 -0.000593 0.003011
v 0.134725 0.034195 0.087626
v 0.197071 -0.031127 -0.003459
v 0.230704 -0.044885 0.035707
v 0.220612 -0.067515 0.034144
v 0.185359 -0.074114 0.005915
v 0.091612 -0.088231 -0.003675
v 0.107062 -0.084185 0.008227
v 0.171199 -0.099304 -0.005096
v 0.287977 -0.119182 -0.015064
v 0.337669 -0.134650 0.052320
v 0.369926 -0.156750 0.057327
v 0.364769 -0.190998 0.056528
v 0.299257 -0.219455 0.154574
v 0.327454 -0.218449 0.053281
v 0.247728 -0.266094 0.006791
v 0.180502 -0.308122 -0.001425
v 0.117902 -0.336676 -0.002892
v 0.106127 -0.421771 0.016365
v 0.081212 -0.421265 0.069430
v 0.342394 -0.345968 0.052787
v 0.243845 -0.379685 0.016663
v 0.426158 -0.337839 0.071133
v 0.475826 -0.343248 0.073774
v 0.500000 -0.368078 0.077526
v 0.482806 -0.399709 0.074859
v 0.452254 -0.419133 0.070114
v 0.413472 -0.436730 0.015215
v 0.089358 0.393590 -0.012474
v 0.066218 0.463929 -0.028445
v 0.117153 0.256186 -0.018890
v 0.085011 0.272125 -0.027523
v 0.151318 0.240882 -0.024496
v 0.176526 0.248739 -0.056265
v 0.211455 0.251867 -0.079418
v 0.325709 0.229208 -0.057601
v 0.367031 0.214000 -0.059339
v 0.385414 0.185705 -0.062307
v 0.363348 0.157299 -0.058744
v 0.327963 0.135147 -0.053026
v 0.230541 -0.044870 -0.037294
v 0.220458 -0.067514 -0.035665
v 0.140331 -0.078554 -0.046239
v 0.101225 -0.072656 -0.025040
v 0.110991 -0.093127 -0.009370
v 0.337429 -0.134844 -0.054555
v 0.369664 -0.157069 -0.059763
v 0.364514 -0.191520 -0.058933
v 0.315378 -0.216899 -0.112346
v 0.095133 -0.394014 -0.015423
v 0.104328 -0.422214 -0.028897
v 0.142971 -0.416822 -0.023149
v 0.176843 -0.404498 -0.055598
v 0.382264 -0.338822 -0.061589
v 0.299890 -0.358122 -0.046869
v 0.437940 -0.335193 -0.070793
v 0.475494 -0.343104 -0.076858
v 0.499653 -0.367654 -0.080758
v 0.482466 -0.398783 -0.077982
v 0.451938 -0.417815 -0.073052
v 0.329917 -0.455089 -0.089799
v 0.226604 -0.476156 0.003853
v 0.027035 0.493884 -0.030770
v 0.063276 0.361884 -0.042101
v 0.073823 0.392934 -0.053181
v 0.049850 0.328947 -0.038228
v 0.055671 0.299229 -0.042742
v 0.136331 0.242589 -0.070195
v 0.093164 0.249504 -0.070384
v 0.295405 0.231002 -0.155060
v 0.330643 0.214417 -0.170264
v 0.347212 0.186119 -0.178796
v 0.327330 0.157696 -0.168557
v 0.277129 0.136367 -0.188470
v 0.247110 0.109324 -0.126561
v 0.200191 0.083569 -0.103084
v 0.168690 0.063379 -0.086861
v 0.141744 0.035724 -0.072986
v 0.137320 0.000063 -0.099019
v 0.158081 -0.024321 -0.121762
v 0.207695 -0.044862 -0.106948
v 0.198608 -0.067514 -0.102269
v 0.151225 -0.074444 -0.111670
v 0.071461 -0.076127 -0.079194
v 0.100074 -0.086468 -0.055219
v 0.083181 -0.088959 -0.043016
v 0.169755 -0.103995 -0.117797
v 0.245311 -0.119488 -0.155778
v 0.303982 -0.134951 -0.156531
v 0.333021 -0.157244 -0.171487
v 0.328380 -0.191807 -0.169098
v 0.224735 -0.264736 -0.116268
v 0.155116 -0.307883 -0.076136
v 0.119538 -0.329703 -0.061551
v 0.092330 -0.390674 -0.046637
v 0.113763 -0.416666 -0.091042
v 0.212845 -0.381260 -0.111427
v 0.276388 -0.355894 -0.142142
v 0.348632 -0.337784 -0.179529
v 0.394525 -0.335169 -0.203160
v 0.428350 -0.343041 -0.220580
v 0.450108 -0.367465 -0.231787
v 0.434635 -0.398371 -0.223815
v 0.407133 -0.417229 -0.209654
v 0.367232 -0.435244 -0.187895
v 0.225824 -0.466678 -0.155566
v 0.159556 -0.483065 -0.051637
v 0.046661 0.461507 -0.053416
v 0.059076 0.274908 -0.073048
v 0.108127 0.240922 -0.108659
v 0.111702 0.245981 -0.151852
v 0.139265 0.250962 -0.181749
v 0.233823 0.231569 -0.235501
v 0.262182 0.214836 -0.263626
v 0.275315 0.186646 -0.276837
v 0.259549 0.158231 -0.260982
v 0.163223 0.109839 -0.226691
v 0.134278 0.084691 -0.183417
v 0.106482 0.062321 -0.161647
v 0.097627 0.036325 -0.129904
v 0.164706 -0.044850 -0.165577
v 0.157502 -0.067514 -0.158330
v 0.087088 -0.078711 -0.115338
v 0.072433 -0.094585 -0.084201
v 0.056374 -0.086804 -0.072357
v 0.241042 -0.134943 -0.242362
v 0.152306 -0.136493 -0.298797
v 0.264066 -0.157231 -0.265522
v 0.260383 -0.191786 -0.261819
v 0.232557 -0.219982 -0.231861
v 0.153008 -0.282333 -0.154898
v 0.096322 -0.302577 -0.124881
v 0.070465 -0.338149 -0.090228
v 0.067994 -0.394400 -0.068295
v 0.075792 -0.422355 -0.076140
v 0.194971 -0.366839 -0.198667
v 0.121584 -0.399827 -0.149443
v 0.265324 -0.340354 -0.271714
v 0.312831 -0.335178 -0.314572
v 0.339645 -0.343063 -0.341546
v 0.356901 -0.367533 -0.358900
v 0.344625 -0.398518 -0.346557
v 0.322821 -0.417438 -0.324625
v 0.279276 -0.438803 -0.288134
v 0.037774 0.360009 -0.068523
v 0.032787 0.396028 -0.077943
v 0.023514 0.328489 -0.056115
v 0.020649 0.296265 -0.068176
v 0.053718 0.252431 -0.105632
v 0.069306 0.236413 -0.136652
v 0.167956 0.215350 -0.331570
v 0.151789 0.231548 -0.296457
v 0.176364 0.187376 -0.348187
v 0.166273 0.158987 -0.328242
v 0.105942 0.137232 -0.320637
v 0.061879 -0.029826 -0.187328
v 0.054166 -0.000250 -0.155620
v 0.105533 -0.044834 -0.208241
v 0.100923 -0.067513 -0.199130
v 0.060404 -0.074128 -0.174846
v 0.041164 -0.084153 -0.099154
v 0.033559 -0.096834 -0.106053
v 0.024672 -0.088288 -0.088247
v 0.052977 -0.098989 -0.165009
v 0.074194 -0.111593 -0.243362
v 0.169161 -0.157038 -0.333952
v 0.166806 -0.191470 -0.329296
v 0.110343 -0.217853 -0.317471
v 0.079992 -0.266081 -0.235972
v 0.039597 -0.305784 -0.169410
v 0.033705 -0.422240 -0.101590
v 0.021259 -0.394646 -0.091683
v 0.045688 -0.414335 -0.139783
v 0.156251 -0.345993 -0.309186
v 0.092469 -0.379311 -0.228618
v 0.196299 -0.335705 -0.389264
v 0.217563 -0.343141 -0.429581
v 0.228611 -0.367763 -0.451406
v 0.220751 -0.399020 -0.435882
v 0.188370 -0.423200 -0.402418
v 0.143751 -0.461226 -0.277374
v 0.029876 -0.481435 -0.116434
v 0.104097 -0.479167 -0.144447
v 0.077467 -0.489267 -0.043108
v 0.024448 -0.491011 -0.072025
v 0.000984 -0.484172 -0.042004
v 0.033126 -0.488804 0.015501
v -0.010458 0.494620 -0.039502
v 0.010998 0.467061 -0.064527
v 0.002181 0.361764 -0.073515
v -0.006945 0.396531 -0.084279
v 0.005432 0.268635 -0.093197
v 0.018526 0.247339 -0.117006
v 0.023807 0.230332 -0.151358
v 0.028417 0.245026 -0.180911
v 0.033119 0.245247 -0.230177
v 0.052166 0.230043 -0.333010
v 0.057517 0.215753 -0.367258
v 0.060389 0.188032 -0.385666
v 0.056938 0.159681 -0.363575
v 0.034879 0.084869 -0.222309
v 0.043866 0.110982 -0.274174
v 0.007130 0.063636 -0.191235
v 0.024742 0.036417 -0.157373
v 0.036184 -0.044820 -0.230652
v 0.034609 -0.067512 -0.220557
v -0.040145 -0.077531 -0.142837
v 0.007709 -0.072561 -0.103875
v 0.053525 -0.137562 -0.331258
v 0.057926 -0.156708 -0.369899
v 0.057123 -0.190929 -0.364741
v 0.018364 -0.334503 -0.121546
v 0.000004 -0.404384 -0.183672
v 0.060011 -0.338831 -0.382439
v 0.048506 -0.358098 -0.299573
v 0.068596 -0.335236 -0.438237
v 0.074464 -0.343221 -0.475824
v 0.078239 -0.368001 -0.500000
v 0.075560 -0.399540 -0.482801
v 0.065963 -0.421780 -0.445248
v 0.051873 -0.453052 -0.353580
v 0.033682 -0.477955 -0.208172
v -0.080177 -0.466311 -0.286929
v -0.023923 0.468127 -0.061713
v -0.020711 0.326549 -0.059250
v -0.019074 0.293450 -0.069685
v -0.018766 0.242124 -0.116917
v -0.024417 0.224095 -0.151242
v -0.029227 0.241598 -0.180772
v -0.038624 0.242656 -0.230409
v -0.053965 0.229685 -0.332756
v -0.059540 0.215673 -0.366980
v -0.062528 0.188148 -0.385373
v -0.058937 0.159842 -0.363297
v -0.104027 0.138122 -0.319988
v -0.090161 0.110778 -0.267425
v -0.074248 0.082883 -0.216082
v -0.026255 -0.000010 -0.162504
v -0.057331 0.036747 -0.152709
v -0.031644 -0.023876 -0.195601
v -0.037319 -0.044816 -0.230478
v -0.035674 -0.067512 -0.220391
v -0.059277 -0.074441 -0.178220
v -0.053432 -0.076203 -0.092270
v -0.020016 -0.087930 -0.111697
v -0.015253 -0.088807 -0.092123
v -0.059053 -0.103815 -0.197775
v -0.073723 -0.119579 -0.280829
v -0.054714 -0.134376 -0.337377
v -0.059964 -0.156301 -0.369621
v -0.059130 -0.190262 -0.364467
v -0.092909 -0.214640 -0.321799
v -0.038083 -0.264045 -0.244381
v -0.027923 -0.304927 -0.174252
v -0.020163 -0.332994 -0.120978
v -0.015276 -0.392192 -0.095046
v -0.017052 -0.421226 -0.105968
v -0.048337 -0.415941 -0.137432
v -0.039844 -0.381121 -0.236710
v -0.049549 -0.355830 -0.306708
v -0.062782 -0.337795 -0.386986
v -0.071082 -0.335248 -0.437909
v -0.077197 -0.343257 -0.475465
v -0.081127 -0.368102 -0.499622
v -0.078332 -0.399762 -0.482438
v -0.073360 -0.419209 -0.451904
v -0.126541 -0.441165 -0.384859
v -0.052668 -0.483761 -0.134170
v -0.163964 -0.474348 -0.163959
v -0.041712 0.361736 -0.060003
v -0.060265 0.394976 -0.062307
v -0.051232 0.258267 -0.074291
v -0.053571 0.237900 -0.105478
v -0.069422 0.219031 -0.136452
v -0.111393 0.236749 -0.150424
v -0.134316 0.242495 -0.183000
v -0.145017 0.228126 -0.299179
v -0.168767 0.214739 -0.331080
v -0.177237 0.187264 -0.347673
v -0.167076 0.159001 -0.327756
v -0.085968 0.064073 -0.168862
v -0.096144 -0.000257 -0.136120
v -0.125059 -0.023541 -0.156651
v -0.105911 -0.044834 -0.207932
v -0.101263 -0.067513 -0.198833
v -0.065346 -0.091206 -0.091876
v -0.051101 -0.086789 -0.075912
v -0.155139 -0.134130 -0.304372
v -0.237073 -0.135394 -0.237385
v -0.169987 -0.155897 -0.333458
v -0.167609 -0.189599 -0.328810
v -0.116512 -0.285126 -0.161797
v -0.150036 -0.262694 -0.194983
v -0.093867 -0.299166 -0.126383
v -0.066689 -0.329262 -0.100022
v -0.056876 -0.390309 -0.080789
v -0.061061 -0.420967 -0.089166
v -0.091195 -0.398445 -0.172564
v -0.167910 -0.368766 -0.217012
v -0.175430 -0.340340 -0.336713
v -0.201434 -0.335235 -0.395067
v -0.218729 -0.343223 -0.428948
v -0.229847 -0.368005 -0.450742
v -0.221933 -0.399547 -0.435237
v -0.207873 -0.418904 -0.407691
v -0.036748 -0.487761 -0.064052
v -0.029637 -0.494600 -0.024102
v -0.060582 0.462854 -0.033534
v -0.056111 0.289702 -0.039078
v -0.083536 0.234949 -0.083626
v -0.108166 0.215472 -0.108195
v -0.238278 0.226728 -0.238018
v -0.262807 0.212661 -0.262499
v -0.275994 0.185037 -0.275652
v -0.260166 0.156822 -0.259862
v -0.234803 0.134730 -0.234555
v -0.225392 0.107979 -0.168001
v -0.186077 0.083034 -0.132691
v -0.153217 0.059963 -0.118029
v -0.133181 0.035091 -0.093158
v -0.164960 -0.044879 -0.164866
v -0.157734 -0.067515 -0.157655
v -0.147264 -0.074129 -0.111531
v -0.081305 -0.084196 -0.069762
v -0.075545 -0.088145 -0.051486
v -0.140254 -0.098839 -0.101370
v -0.208128 -0.111199 -0.145741
v -0.264699 -0.155535 -0.264383
v -0.261008 -0.189005 -0.260696
v -0.231097 -0.215564 -0.237007
v -0.120596 -0.414423 -0.084201
v -0.164574 -0.401442 -0.094587
v -0.308499 -0.335731 -0.307051
v -0.243304 -0.346880 -0.241122
v -0.340572 -0.343142 -0.340087
v -0.357882 -0.367767 -0.357363
v -0.345567 -0.399029 -0.345071
v -0.308368 -0.422113 -0.320872
v -0.236147 -0.456607 -0.237486
v -0.095241 -0.483209 -0.094953
v -0.039180 0.494119 -0.009721
v -0.068125 0.359969 -0.033874
v -0.053015 0.326646 -0.026596
v -0.087782 0.259046 -0.033167
v -0.105324 0.233248 -0.053594
v -0.136339 0.213390 -0.069369
v -0.163015 0.234571 -0.082904
v -0.200044 0.239227 -0.105705
v -0.300284 0.223843 -0.152566
v -0.331191 0.209373 -0.168252
v -0.347806 0.181397 -0.176684
v -0.327863 0.153228 -0.166565
v -0.325392 0.129090 -0.083854
v -0.160498 -0.001156 -0.053262
v -0.190308 -0.029588 -0.054825
v -0.207904 -0.044954 -0.105686
v -0.198793 -0.067518 -0.101065
v -0.140269 -0.078555 -0.045243
v -0.096198 -0.072592 -0.039352
v -0.094531 -0.093849 -0.058018
v -0.296941 -0.137113 -0.154203
v -0.333577 -0.155257 -0.169461
v -0.328921 -0.188549 -0.167098
v -0.314768 -0.213382 -0.115025
v -0.219586 -0.260886 -0.113083
v -0.189876 -0.283241 -0.066265
v -0.144600 -0.302135 -0.073561
v -0.108691 -0.329468 -0.054806
v -0.085582 -0.389711 -0.043610
v -0.095449 -0.419959 -0.048617
v -0.294563 -0.357434 -0.087938
v -0.227245 -0.383252 -0.061493
v -0.344841 -0.338785 -0.175371
v -0.395251 -0.335175 -0.200759
v -0.429169 -0.343064 -0.217974
v -0.450988 -0.367535 -0.229046
v -0.435469 -0.398522 -0.221170
v -0.407890 -0.417445 -0.207175
v -0.355689 -0.438711 -0.185980
v -0.264042 -0.465856 -0.088838
v -0.079799 -0.483203 -0.032905
v -0.171832 -0.477939 -0.047150
v -0.088230 0.393034 -0.002332
v -0.072982 0.361729 0.002286
v -0.062033 0.326065 -0.001027
v -0.074410 0.291186 0.015817
v -0.116790 0.232446 -0.018041
v -0.151171 0.212364 -0.023396
v -0.180742 0.233209 -0.027951
v -0.222821 0.237177 -0.038510
v -0.332920 0.220133 -0.051386
v -0.367186 0.205054 -0.056663
v -0.385600 0.176557 -0.059501
v -0.363503 0.148439 -0.056096
v -0.279631 0.099948 0.000969
v -0.226874 0.076213 0.001266
v -0.187142 0.058594 -0.028936
v -0.157185 0.032536 -0.024322
v -0.230503 -0.045054 -0.035615
v -0.220404 -0.067522 -0.034059
v -0.187613 -0.074434 0.001486
v -0.101464 -0.071585 0.019639
v -0.112389 -0.087609 -0.014833
v -0.090971 -0.087065 -0.013736
v -0.206089 -0.103647 -0.004675
v -0.290525 -0.119466 -0.020415
v -0.337545 -0.133630 -0.052100
v -0.369826 -0.155079 -0.057069
v -0.364669 -0.188256 -0.056277
v -0.251195 -0.260143 -0.006023
v -0.138501 -0.321605 -0.002208
v -0.163849 -0.302604 -0.004590
v -0.106289 -0.385444 -0.000077
v -0.105834 -0.419742 -0.016416
v -0.145272 -0.415498 0.005691
v -0.387592 -0.337800 -0.059983
v -0.438202 -0.335166 -0.067600
v -0.475810 -0.343041 -0.073391
v -0.500000 -0.367465 -0.077117
v -0.482790 -0.398371 -0.074469
v -0.452216 -0.417229 -0.069759
v -0.407434 -0.435255 -0.061786
v -0.339684 -0.455225 0.011289
v -0.107200 -0.484976 0.041657
v -0.174828 -0.479825 0.048621
v -0.048097 -0.467857 0.008644
v -0.068025 0.463683 0.015435
v -0.116643 0.232152 0.018767
v -0.089435 0.260997 0.030210
v -0.150970 0.211942 0.024195
v -0.174164 0.233173 0.051868
v -0.226009 0.233373 0.033638
v -0.332488 0.216157 0.053351
v -0.366715 0.200388 0.058848
v -0.385106 0.171307 0.061806
v -0.363032 0.143237 0.058258
v -0.314313 0.120117 0.114623
v -0.184386 0.054660 0.050679
v -0.151294 0.029920 0.051930
v -0.158405 -0.003067 0.049791
v -0.187251 -0.025418 0.071627
v -0.230209 -0.045163 0.036924
v -0.220126 -0.067527 0.035302
v -0.148160 -0.074944 0.079677
v -0.107718 -0.094545 0.025442
v -0.087713 -0.086772 0.025434
v -0.337113 -0.133583 0.054092
v -0.298223 -0.137833 0.146818
v -0.369355 -0.155001 0.059273
v -0.364198 -0.188128 0.058447
v -0.334480 -0.212513 0.053671
v -0.304029 -0.215137 0.133232
v -0.187922 -0.284023 0.067709
v -0.100422 -0.419601 0.034835
v -0.273925 -0.366695 0.045892
v -0.188131 -0.398749 0.059115
v -0.373934 -0.340385 0.063751
v -0.437638 -0.335189 0.070241
v -0.475201 -0.343103 0.076275
v -0.499359 -0.367651 0.080155
v -0.482172 -0.398775 0.077395
v -0.451636 -0.417804 0.072492
v -0.387978 -0.436677 0.145073
v -0.252901 -0.469737 0.039560
v -0.030494 0.494361 0.026762
v -0.052846 0.461625 0.046687
v -0.076703 0.393590 0.042031
v -0.067940 0.359966 0.037796
v -0.052869 0.326521 0.028762
v -0.135984 0.211797 0.069805
v -0.105046 0.232082 0.054042
v -0.205016 0.231905 0.100324
v -0.299497 0.212595 0.153736
v -0.330326 0.196196 0.169561
v -0.346895 0.166581 0.178066
v -0.327014 0.138555 0.167858
v -0.230109 0.092646 0.162426
v -0.186139 0.070630 0.132468
v -0.207363 -0.045261 0.106443
v -0.198276 -0.067531 0.101779
v -0.091025 -0.084140 0.056277
v -0.093874 -0.096686 0.057663
v -0.076788 -0.086945 0.049000
v -0.129522 -0.096249 0.102980
v -0.208398 -0.110620 0.145976
v -0.332704 -0.155003 0.170781
v -0.328064 -0.188132 0.168399
v -0.197743 -0.261310 0.151806
v -0.144230 -0.301207 0.074036
v -0.119191 -0.321550 0.061184
v -0.089211 -0.350378 0.066423
v -0.074781 -0.389214 0.061462
v -0.117747 -0.413719 0.087641
v -0.330264 -0.343246 0.165036
v -0.223932 -0.365124 0.172785
v -0.394224 -0.335242 0.202353
v -0.428049 -0.343247 0.219719
v -0.449814 -0.368074 0.230892
v -0.434334 -0.399699 0.222946
v -0.406824 -0.419120 0.208828
v -0.241281 -0.465538 0.201732
v -0.103278 -0.484864 0.130379
v -0.052328 0.392924 0.073820
v -0.041357 0.361824 0.062863
v -0.037056 0.326085 0.050965
v -0.048391 0.283875 0.059821
v -0.083150 0.232151 0.084024
v -0.107671 0.211838 0.108574
v -0.128742 0.230785 0.129804
v -0.165632 0.228687 0.162948
v -0.237181 0.210339 0.239057
v -0.261603 0.193533 0.263661
v -0.274728 0.163575 0.276880
v -0.258977 0.135575 0.261013
v -0.233730 0.114925 0.235575
v -0.133305 0.051917 0.134398
v -0.111957 0.028087 0.112894
v -0.115701 -0.003769 0.116670
v -0.119816 -0.026169 0.158932
v -0.164204 -0.045324 0.165530
v -0.157008 -0.067534 0.158280
v -0.088477 -0.074692 0.144833
v -0.067199 -0.073815 0.079646
v -0.069777 -0.095343 0.085726
v -0.061879 -0.086768 0.067211
v -0.238656 -0.136518 0.235115
v -0.263486 -0.155061 0.265557
v -0.259811 -0.188227 0.261850
v -0.230325 -0.214267 0.239173
v -0.139435 -0.283109 0.140575
v -0.096862 -0.298072 0.127680
v -0.071553 -0.318970 0.115052
v -0.075367 -0.419719 0.076028
v -0.087636 -0.403506 0.163500
v -0.138038 -0.382258 0.195072
v -0.272643 -0.338803 0.274629
v -0.312213 -0.335312 0.314645
v -0.339012 -0.343434 0.341643
v -0.356245 -0.368627 0.359008
v -0.343984 -0.400908 0.346654
v -0.322196 -0.420841 0.324706
v -0.287483 -0.441035 0.290690
v -0.042646 -0.481059 0.091251
v -0.021584 0.465255 0.068392
v -0.053054 0.232446 0.105748
v -0.023043 0.260180 0.091633
v -0.068751 0.212185 0.136664
v -0.054884 0.231777 0.175418
v -0.051919 0.232399 0.224224
v -0.146670 0.208977 0.296990
v -0.167145 0.193166 0.331841
v -0.175530 0.163150 0.348480
v -0.165462 0.135152 0.328509
v -0.102653 0.114986 0.317502
v -0.123067 0.090357 0.246052
v -0.089512 0.047495 0.178792
v -0.047711 0.027473 0.151138
v -0.047657 -0.003549 0.160747
v -0.104892 -0.045332 0.208345
v -0.100290 -0.067534 0.199222
v -0.038933 -0.080896 0.098783
v -0.014596 -0.100200 0.111064
v -0.034238 -0.086642 0.084750
v -0.089659 -0.121021 0.287053
v -0.056652 -0.104857 0.208276
v -0.153642 -0.133675 0.305059
v -0.168350 -0.155152 0.334226
v -0.165995 -0.188376 0.329567
v -0.151850 -0.214905 0.294303
v -0.081722 -0.261271 0.232115
v -0.060119 -0.283146 0.190409
v -0.046306 -0.386097 0.091255
v -0.048105 -0.419831 0.095702
v -0.036462 -0.415868 0.140980
v -0.140323 -0.355351 0.278664
v -0.176418 -0.337732 0.350329
v -0.199488 -0.335379 0.396009
v -0.216621 -0.343616 0.429983
v -0.227638 -0.369164 0.451838
v -0.219802 -0.402081 0.436291
v -0.205873 -0.422512 0.408668
v -0.180387 -0.444925 0.361270
v -0.123121 -0.476062 0.243914
v -0.011454 0.393590 0.089097
v -0.009809 0.359969 0.079731
v -0.007972 0.326645 0.061149
v 0.000228 0.290684 0.071928
v -0.023097 0.213166 0.151238
v -0.017746 0.233239 0.117021
v -0.051054 0.211870 0.332952
v -0.056328 0.195265 0.367212
v -0.059161 0.165484 0.385627
v -0.055756 0.137458 0.363525
v 0.007547 0.096212 0.281930
v -0.000112 0.072012 0.227151
v 0.001656 0.060487 0.184992
v -0.035304 -0.045284 0.230560
v 0.002112 -0.031595 0.195590
v -0.033752 -0.067532 0.220460
v -0.009616 -0.074272 0.173827
v -0.005092 -0.078030 0.106284
v -0.003054 -0.086864 0.091425
v -0.056729 -0.155273 0.369853
v -0.051765 -0.133749 0.337578
v -0.055942 -0.188574 0.364695
v 0.009493 -0.212531 0.333439
v 0.000513 -0.297238 0.158790
v -0.017237 -0.331559 0.116384
v -0.014442 -0.389748 0.094976
v -0.008582 -0.420084 0.106867
v -0.044329 -0.357827 0.300581
v 0.001950 -0.378572 0.246689
v -0.058675 -0.338842 0.382771
v -0.067253 -0.335426 0.438218
v -0.073036 -0.343745 0.475817
v -0.076757 -0.369544 0.500000
v -0.074109 -0.402913 0.482797
v -0.069407 -0.423696 0.452228
v -0.018094 -0.448997 0.399310
v -0.031613 -0.485491 0.217981
v 0.045086 -0.487856 0.154045
v 0.032686 0.360372 0.074415
v 0.027320 0.394721 0.088232
v 0.019059 0.327585 0.059860
v 0.019321 0.234928 0.116820
v 0.024826 0.215245 0.150979
v 0.029644 0.233703 0.180494
v 0.038909 0.234118 0.226220
v 0.054421 0.215320 0.332385
v 0.060003 0.199219 0.366590
v 0.062998 0.169878 0.384971
v 0.059401 0.141798 0.362911
v 0.053633 0.120723 0.327544
v 0.026664 -0.002805 0.162233
v 0.054073 0.030967 0.153188
v 0.036099 -0.067528 0.220086
v 0.037743 -0.045193 0.230166
v 0.033366 -0.097872 0.105068
v 0.023336 -0.086905 0.088220
v 0.046846 -0.120042 0.291597
v 0.058814 -0.101549 0.174228
v 0.055177 -0.133849 0.337002
v 0.060435 -0.155438 0.369227
v 0.059594 -0.188844 0.364077
v 0.079127 -0.262454 0.239373
v 0.019599 -0.334308 0.114739
v 0.029289 -0.390655 0.092247
v 0.065894 -0.400170 0.185058
v 0.023468 -0.415760 0.142637
v 0.055857 -0.345958 0.341346
v 0.075908 -0.338279 0.424335
v 0.077691 -0.343792 0.475010
v 0.081629 -0.369681 0.499151
v 0.078826 -0.403211 0.481978
v 0.073846 -0.424121 0.451460
v 0.052807 -0.468411 0.322417
v 0.046337 -0.493376 0.102250
v 0.070326 0.218824 0.136004
v 0.084030 0.236537 0.162589
v 0.158737 0.222594 0.293261
v 0.170434 0.203930 0.330238
v 0.178974 0.175075 0.346797
v 0.168728 0.146922 0.326922
v 0.131444 0.100929 0.246967
v 0.103224 0.076598 0.199832
v 0.086995 0.057802 0.168345
v 0.090909 -0.024749 0.175939
v 0.107092 -0.045086 0.207338
v 0.102414 -0.067524 0.198257
v 0.162227 -0.155020 0.336246
v 0.169269 -0.189227 0.327972
v 0.160536 -0.215751 0.289597
v 0.049317 -0.420460 0.095243
v 0.124989 -0.370663 0.240412
v 0.196346 -0.336117 0.388199
v 0.220775 -0.343745 0.427906
v 0.231985 -0.369544 0.449657
v 0.224010 -0.402912 0.434183
v 0.209842 -0.423695 0.406691
v 0.108930 0.223983 0.107740
v 0.049680 -0.086711 0.076580
v 0.028216 -0.500000 0.073700
f 1 2 3
f 4 1 3
f 5 6 7
f 8 7 6
f 9 10 11
f 12 9 13
f 14 15 16
f 17 14 16
f 18 20 21
f 19 23 20
f 24 23 22
f 22 26 24
f 27 28 29
f 30 32 33
f 34 35 36
f 36 37 34
f 38 39 40
f 39 34 40
f 41 42 38
f 43 44 45
f 46 43 47
f 48 46 49
f 48 50 51
f 52 53 54
f 55 52 56
f 57 55 58
f 59 57 60
f 61 62 63
f 64 65 66
f 67 64 68
f 69 67 70
f 71 73 69
f 72 75 73
f 76 75 74
f 77 76 78
f 79 81 77
f 82 83 84
f 85 82 84
f 10 85 86
f 9 87 88
f 89 87 15
f 89 14 90
f 14 91 90
f 21 91 17
f 21 93 92
f 20 94 93
f 24 94 23
f 95 26 96
f 97 96 98
f 99 97 100
f 101 99 102
f 103 101 28
f 104 103 27
f 104 32 105
f 106 105 35
f 38 107 39
f 107 108 39
f 109 38 42
f 44 109 42
f 44 111 110
f 111 48 112
f 113 112 51
f 51 115 113
f 115 53 116
f 117 116 52
f 118 117 57
f 119 59 120
f 62 119 120
f 65 121 122
f 64 123 121
f 124 123 67
f 125 124 69
f 73 126 125
f 127 126 75
f 77 127 76
f 81 128 77
f 129 130 5
f 83 129 7
f 131 132 10
f 88 133 131
f 134 133 89
f 135 134 90
f 90 136 135
f 91 137 136
f 92 138 137
f 93 139 138
f 140 139 94
f 94 95 140
f 141 103 104
f 104 142 141
f 106 142 105
f 143 108 144
f 34 108 143
f 145 107 38
f 107 144 108
f 109 145 38
f 110 109 44
f 146 110 111
f 146 112 147
f 147 113 148
f 116 148 115
f 150 118 59
f 151 150 119
f 152 151 119
f 153 152 62
f 154 155 121
f 156 154 123
f 157 156 124
f 158 157 124
f 125 159 158
f 160 159 126
f 128 160 127
f 128 162 161
f 163 2 1
f 130 163 1
f 129 164 165
f 164 82 166
f 82 167 166
f 132 167 85
f 168 169 131
f 170 135 136
f 171 170 136
f 137 172 171
f 138 173 172
f 174 173 139
f 175 174 140
f 95 176 175
f 177 176 96
f 97 178 177
f 101 178 99
f 180 179 103
f 181 180 141
f 141 182 181
f 183 182 142
f 142 143 183
f 143 144 184
f 185 186 145
f 186 184 144
f 109 185 145
f 187 185 109
f 187 110 188
f 189 188 146
f 189 147 190
f 190 148 191
f 192 149 116
f 193 192 117
f 194 193 118
f 195 194 118
f 196 151 152
f 197 153 122
f 198 197 155
f 198 154 199
f 199 156 200
f 201 200 157
f 202 201 158
f 158 203 202
f 204 203 159
f 205 204 160
f 160 161 205
f 206 162 207
f 165 208 130
f 209 167 132
f 210 169 168
f 211 210 168
f 135 211 134
f 135 213 212
f 214 213 170
f 171 215 214
f 172 216 215
f 174 216 173
f 217 175 218
f 177 218 176
f 220 219 177
f 179 220 178
f 221 182 222
f 223 183 143
f 143 184 223
f 224 225 186
f 225 184 186
f 226 227 188
f 189 228 226
f 190 229 228
f 230 229 149
f 231 230 192
f 232 231 193
f 233 232 194
f 234 233 195
f 235 234 195
f 196 235 151
f 236 237 197
f 198 238 236
f 199 239 238
f 240 239 200
f 201 241 240
f 241 203 242
f 243 242 204
f 243 205 244
f 205 206 244
f 245 246 165
f 247 245 166
f 247 167 248
f 249 209 169
f 250 249 210
f 211 250 210
f 214 252 213
f 214 253 251
f 215 254 253
f 255 254 216
f 217 255 174
f 256 257 179
f 258 256 180
f 258 222 259
f 223 259 183
f 223 184 261
f 262 263 225
f 263 261 225
f 224 264 262
f 264 224 185
f 265 264 187
f 187 227 265
f 266 227 226
f 228 267 266
f 230 267 229
f 230 269 268
f 270 269 231
f 232 270 231
f 271 272 234
f 273 271 235
f 237 273 196
f 236 274 275
f 276 274 238
f 277 276 239
f 278 277 241
f 278 242 279
f 280 279 243
f 281 280 244
f 282 283 284
f 285 282 284
f 286 285 287
f 288 2 163
f 289 288 163
f 246 289 208
f 246 290 291
f 292 248 209
f 293 292 249
f 293 250 294
f 295 294 250
f 296 295 211
f 296 252 297
f 251 297 252
f 251 299 298
f 253 300 299
f 255 300 254
f 218 302 217
f 303 301 218
f 304 303 219
f 257 304 220
f 305 256 258
f 258 306 305
f 260 306 259
f 307 261 308
f 223 261 307
f 263 308 261
f 309 265 227
f 266 309 227
f 266 311 310
f 268 311 267
f 312 270 232
f 233 272 312
f 275 273 237
f 314 315 274
f 316 314 276
f 317 316 277
f 318 317 278
f 318 279 319
f 320 319 280
f 280 321 320
f 322 321 281
f 282 322 283
f 291 324 289
f 325 290 247
f 325 248 326
f 327 292 293
f 327 294 328
f 329 328 294
f 296 329 295
f 296 331 330
f 331 298 332
f 332 299 333
f 299 334 333
f 335 334 300
f 300 336 335
f 302 337 336
f 303 337 301
f 338 339 304
f 340 338 256
f 341 340 305
f 305 342 341
f 343 342 306
f 306 307 343
f 307 308 344
f 345 346 262
f 346 344 308
f 264 345 262
f 347 345 264
f 348 347 265
f 349 348 309
f 350 349 309
f 310 351 350
f 352 351 311
f 311 353 352
f 270 353 269
f 355 354 270
f 356 355 312
f 357 356 272
f 313 357 273
f 359 313 275
f 360 359 315
f 360 314 361
f 361 316 362
f 363 362 317
f 364 363 318
f 364 319 365
f 366 365 320
f 321 366 320
f 323 367 321
f 368 323 322
f 285 368 282
f 370 371 291
f 372 326 292
f 373 372 327
f 373 328 374
f 375 374 328
f 376 375 329
f 330 377 376
f 378 377 332
f 378 333 379
f 379 334 380
f 381 337 303
f 382 339 338
f 383 382 340
f 384 383 340
f 384 342 385
f 386 387 346
f 387 344 346
f 388 389 348
f 349 390 388
f 350 391 390
f 352 391 351
f 392 393 353
f 394 392 354
f 395 394 354
f 396 395 355
f 356 397 396
f 313 398 358
f 399 398 359
f 400 399 360
f 361 401 400
f 402 401 362
f 363 403 402
f 364 404 403
f 405 404 365
f 367 405 366
f 406 368 285
f 407 406 286
f 287 407 286
f 371 408 324
f 409 325 326
f 410 372 373
f 410 374 411
f 375 411 374
f 412 376 377
f 412 378 413
f 413 379 414
f 414 380 415
f 416 415 335
f 336 417 416
f 418 417 337
f 419 418 381
f 420 419 339
f 421 385 422
f 423 422 343
f 307 344 424
f 386 425 387
f 425 424 387
f 426 386 345
f 427 426 347
f 347 389 427
f 428 389 388
f 390 429 428
f 430 429 391
f 391 393 430
f 431 397 358
f 432 431 398
f 399 432 398
f 433 434 400
f 435 433 401
f 436 435 402
f 403 437 436
f 438 437 404
f 405 439 438
f 369 439 323
f 440 369 368
f 406 440 368
f 441 2 288
f 442 371 370
f 370 443 442
f 444 409 372
f 445 444 410
f 445 411 446
f 447 446 411
f 448 447 375
f 448 412 449
f 449 413 450
f 450 414 451
f 451 415 452
f 417 452 416
f 454 420 382
f 455 454 383
f 456 455 421
f 456 422 457
f 423 457 422
f 458 424 459
f 307 424 458
f 460 425 386
f 425 459 424
f 426 460 386
f 461 427 389
f 428 461 389
f 428 463 462
f 430 463 429
f 465 464 430
f 392 465 393
f 467 466 392
f 394 468 467
f 469 468 395
f 396 470 469
f 399 471 472
f 473 471 434
f 474 473 433
f 475 474 435
f 476 475 435
f 436 477 476
f 478 477 437
f 479 478 438
f 439 480 479
f 481 482 440
f 407 481 406
f 483 408 371
f 484 483 442
f 485 484 442
f 486 485 409
f 487 444 445
f 487 446 488
f 446 489 488
f 447 490 489
f 490 449 491
f 491 450 492
f 492 451 493
f 493 452 494
f 495 453 417
f 496 495 418
f 418 497 496
f 498 497 420
f 499 455 456
f 499 457 500
f 501 500 457
f 457 458 501
f 458 459 502
f 503 504 460
f 504 502 459
f 426 503 460
f 505 503 426
f 506 505 427
f 507 506 461
f 508 507 462
f 462 509 508
f 464 509 463
f 466 510 465
f 467 511 512
f 468 513 511
f 514 513 469
f 515 514 431
f 516 471 473
f 516 474 517
f 518 517 475
f 519 518 476
f 476 520 519
f 521 520 477
f 478 522 521
f 480 522 479
f 482 480 369
f 524 482 481
f 287 526 407
f 527 441 408
f 528 529 487
f 528 488 530
f 531 530 488
f 532 531 489
f 532 491 533
f 533 492 534
f 534 493 535
f 535 494 536
f 537 536 453
f 538 496 497
f 538 498 539
f 540 539 454
f 541 540 455
f 542 541 499
f 542 500 543
f 544 501 458
f 458 502 544
f 545 546 504
f 546 502 504
f 547 548 506
f 507 549 547
f 508 550 549
f 551 550 509
f 552 551 464
f 510 552 464
f 512 553 466
f 515 554 514
f 555 556 472
f 516 555 471
f 516 558 557
f 559 558 517
f 518 560 559
f 560 520 561
f 562 561 521
f 523 562 522
f 480 564 523
f 525 564 482
f 565 2 441
f 566 565 527
f 567 527 483
f 568 567 484
f 569 568 484
f 486 569 485
f 528 570 571
f 531 570 530
f 572 533 573
f 573 534 574
f 574 535 575
f 575 536 576
f 496 537 495
f 578 577 496
f 579 541 542
f 579 543 580
f 543 544 580
f 544 502 581
f 582 583 546
f 583 581 546
f 545 584 582
f 584 545 503
f 585 584 505
f 548 585 506
f 586 548 547
f 586 550 587
f 550 552 587
f 588 552 510
f 589 553 512
f 590 589 511
f 591 590 513
f 592 591 513
f 554 592 513
f 556 593 515
f 594 595 555
f 557 596 594
f 597 596 558
f 598 597 560
f 598 561 599
f 600 599 562
f 564 563 523
f 525 601 564
f 526 524 481
f 603 566 567
f 604 603 568
f 605 604 568
f 569 606 605
f 607 606 529
f 571 608 607
f 609 608 570
f 610 609 572
f 610 573 611
f 611 574 612
f 612 575 613
f 613 576 614
f 615 614 537
f 616 578 538
f 617 616 539
f 539 618 617
f 619 618 541
f 620 619 579
f 579 621 620
f 544 621 580
f 622 581 623
f 544 581 622
f 624 625 582
f 625 623 581
f 582 584 624
f 626 585 548
f 627 626 586
f 627 587 628
f 587 629 628
f 630 588 553
f 631 630 589
f 631 590 632
f 633 592 554
f 634 593 556
f 556 635 634
f 636 595 594
f 636 596 637
f 638 637 597
f 639 638 598
f 639 599 640
f 641 640 600
f 600 642 641
f 643 602 524
f 644 565 566
f 645 646 606
f 607 647 645
f 648 647 609
f 649 648 610
f 610 650 649
f 651 650 612
f 651 613 652
f 652 614 653
f 654 653 615
f 655 654 577
f 656 655 578
f 657 656 617
f 658 657 618
f 659 619 620
f 620 660 659
f 622 660 621
f 622 623 661
f 662 663 624
f 663 661 623
f 624 584 662
f 664 665 585
f 666 664 626
f 667 666 627
f 667 628 668
f 669 668 629
f 629 670 669
f 671 670 630
f 672 632 591
f 673 672 633
f 674 673 593
f 675 635 595
f 676 675 636
f 676 637 677
f 678 677 638
f 678 639 679
f 679 640 680
f 681 680 641
f 681 642 682
f 682 601 683
f 287 643 526
f 3 2 565
f 684 644 603
f 685 684 604
f 686 685 604
f 605 687 686
f 646 687 606
f 645 688 689
f 690 649 650
f 691 690 650
f 651 692 691
f 652 693 692
f 654 693 653
f 694 655 695
f 696 695 656
f 657 696 656
f 697 698 619
f 697 660 699
f 699 622 700
f 700 661 701
f 622 661 700
f 662 702 663
f 702 701 663
f 665 662 584
f 666 703 704
f 703 668 705
f 670 705 669
f 707 671 631
f 708 707 632
f 709 708 672
f 710 709 673
f 674 710 673
f 711 712 635
f 675 713 711
f 676 714 713
f 715 714 677
f 715 679 716
f 716 680 717
f 718 717 681
f 719 718 682
f 719 683 720
f 721 720 602
f 722 723 685
f 685 724 722
f 687 724 686
f 725 11 646
f 689 726 725
f 727 726 648
f 727 649 728
f 690 728 649
f 690 730 729
f 691 731 730
f 692 732 731
f 733 732 693
f 693 694 733
f 734 735 657
f 698 734 658
f 697 736 737
f 700 701 36
f 738 739 702
f 739 701 702
f 740 741 665
f 704 740 664
f 703 742 704
f 743 705 744
f 670 745 706
f 54 745 671
f 746 707 708
f 746 709 747
f 748 749 674
f 750 712 711
f 751 750 713
f 752 751 714
f 715 753 752
f 753 717 754
f 755 754 718
f 80 756 720
f 721 80 720
f 757 721 643
f 4 3 644
f 11 86 687
f 758 13 725
f 758 727 759
f 16 759 728
f 728 760 16
f 729 761 760
f 730 762 761
f 731 763 762
f 733 763 732
f 764 25 733
f 764 694 765
f 766 765 695
f 735 766 696
f 767 29 734
f 768 767 698
f 737 769 768
f 36 769 736
f 37 36 701
f 739 37 701
f 741 738 662
f 740 47 45
f 770 47 743
f 771 770 744
f 772 771 706
f 56 54 707
f 58 56 746
f 773 747 710
f 63 773 749
f 774 748 712
f 774 750 66
f 750 775 66
f 776 775 752
f 776 753 777
f 753 778 777
f 779 778 754
f 79 779 755
f 80 79 756
f 6 4 723
f 8 6 722
f 722 84 8
f 86 84 724
f 15 780 759
f 18 17 760
f 761 19 18
f 762 22 19
f 25 22 763
f 98 26 764
f 766 98 765
f 102 100 766
f 29 102 735
f 30 27 767
f 768 31 30
f 36 31 769
f 41 781 738
f 741 41 738
f 42 41 741
f 44 42 45
f 50 49 771
f 51 50 772
f 114 51 772
f 772 53 114
f 60 58 747
f 120 60 773
f 63 120 773
f 70 68 775
f 71 70 776
f 776 72 71
f 777 74 72
f 78 74 778
f 79 78 779
f 162 81 80
f 162 721 207
f 284 207 757
f 287 284 782
f 10 86 11
f 9 11 13
f 12 13 780
f 12 780 15
f 17 16 760
f 21 17 18
f 26 25 764
f 28 102 29
f 33 27 30
f 32 31 35
f 38 40 41
f 34 37 40
f 43 45 47
f 46 47 770
f 46 770 49
f 52 54 56
f 55 56 58
f 57 58 60
f 59 60 120
f 62 120 63
f 61 63 748
f 65 61 774
f 65 774 66
f 64 66 68
f 67 68 70
f 69 70 71
f 76 74 78
f 77 78 79
f 83 7 8
f 83 8 84
f 85 84 86
f 88 10 9
f 87 12 15
f 96 26 98
f 97 98 100
f 99 100 102
f 101 102 28
f 103 28 27
f 104 27 33
f 105 32 35
f 106 35 34
f 108 34 39
f 111 43 46
f 112 48 51
f 116 53 52
f 117 52 55
f 117 55 57
f 118 57 59
f 122 61 65
f 124 67 69
f 125 69 73
f 127 75 76
f 129 5 7
f 132 85 10
f 131 10 88
f 133 87 89
f 134 89 90
f 143 106 34
f 148 113 115
f 150 59 119
f 152 119 62
f 122 62 61
f 155 122 121
f 154 121 123
f 156 123 124
f 158 124 125
f 160 126 127
f 130 1 5
f 165 130 129
f 169 132 131
f 168 131 133
f 168 133 134
f 171 136 137
f 174 139 140
f 175 140 95
f 177 96 97
f 179 101 103
f 180 103 141
f 186 107 145
f 186 144 107
f 188 110 146
f 191 148 149
f 192 116 117
f 193 117 118
f 195 118 150
f 195 150 151
f 196 152 153
f 197 122 155
f 200 156 157
f 201 157 158
f 204 159 160
f 208 163 130
f 209 132 169
f 211 168 134
f 214 170 171
f 218 175 176
f 220 177 178
f 221 180 181
f 222 182 183
f 224 186 185
f 226 188 189
f 229 191 149
f 230 149 192
f 231 192 193
f 232 193 194
f 233 194 195
f 235 195 151
f 197 196 153
f 236 197 198
f 240 200 201
f 242 203 204
f 283 206 207
f 283 207 284
f 246 208 165
f 245 165 164
f 245 164 166
f 248 167 209
f 249 169 210
f 252 212 213
f 255 216 174
f 257 220 179
f 256 179 180
f 258 180 221
f 259 222 183
f 262 225 224
f 261 184 225
f 264 185 187
f 266 226 228
f 271 234 235
f 273 235 196
f 275 237 236
f 276 238 239
f 277 239 240
f 277 240 241
f 279 242 243
f 280 243 244
f 206 281 244
f 285 284 287
f 289 163 208
f 290 245 247
f 292 209 249
f 295 250 211
f 296 211 212
f 302 255 217
f 303 218 219
f 304 219 220
f 307 260 223
f 312 232 233
f 315 275 274
f 314 274 276
f 316 276 277
f 317 277 278
f 319 279 280
f 322 281 283
f 324 288 289
f 291 289 246
f 326 248 292
f 329 294 295
f 336 255 302
f 339 303 304
f 338 304 257
f 338 257 256
f 340 256 305
f 346 263 262
f 346 308 263
f 347 264 265
f 348 265 309
f 350 309 310
f 353 268 269
f 355 270 312
f 356 312 272
f 357 272 271
f 357 271 273
f 359 275 315
f 362 316 317
f 363 317 318
f 365 319 320
f 368 322 282
f 371 324 291
f 370 291 290
f 370 290 325
f 372 292 327
f 375 328 329
f 376 329 330
f 377 331 332
f 380 334 335
f 381 303 339
f 382 338 340
f 384 340 341
f 385 342 343
f 386 346 345
f 388 348 349
f 393 352 353
f 392 353 354
f 395 354 355
f 396 355 356
f 397 357 358
f 399 359 360
f 400 360 361
f 402 362 363
f 405 365 366
f 406 285 286
f 408 288 324
f 409 326 372
f 415 380 335
f 416 335 336
f 418 337 381
f 419 381 339
f 420 339 382
f 421 383 384
f 422 385 343
f 423 343 307
f 424 344 387
f 426 345 347
f 428 388 390
f 431 358 398
f 434 399 400
f 433 400 401
f 435 401 402
f 436 402 403
f 438 404 405
f 439 367 323
f 443 325 409
f 444 372 410
f 447 411 375
f 448 375 376
f 452 415 416
f 454 382 383
f 455 383 421
f 458 423 307
f 465 430 393
f 467 392 394
f 469 395 396
f 470 397 431
f 472 432 399
f 473 434 433
f 474 433 435
f 476 435 436
f 478 437 438
f 479 438 439
f 482 369 440
f 481 440 406
f 483 371 442
f 485 442 443
f 485 443 409
f 486 409 444
f 494 452 453
f 495 417 418
f 497 419 420
f 498 420 454
f 504 425 460
f 504 459 425
f 505 426 427
f 506 427 461
f 507 461 462
f 510 464 465
f 512 466 467
f 514 469 470
f 514 470 431
f 515 431 432
f 517 474 475
f 518 475 476
f 521 477 478
f 526 481 407
f 527 408 483
f 529 486 444
f 529 444 487
f 531 488 489
f 532 489 490
f 536 494 453
f 537 453 495
f 539 498 454
f 540 454 455
f 541 455 499
f 543 500 501
f 545 504 503
f 547 506 507
f 551 509 464
f 553 510 466
f 554 513 514
f 556 515 432
f 556 432 472
f 555 472 471
f 559 517 518
f 561 520 521
f 562 521 522
f 565 441 527
f 567 483 484
f 569 484 485
f 571 529 528
f 572 531 532
f 576 536 537
f 578 496 538
f 582 546 545
f 581 502 546
f 584 503 505
f 585 505 506
f 586 547 549
f 588 510 553
f 589 512 511
f 590 511 513
f 593 554 515
f 595 556 555
f 594 555 557
f 597 558 559
f 597 559 560
f 599 561 562
f 600 562 563
f 566 527 567
f 603 567 568
f 605 568 569
f 606 486 529
f 607 529 571
f 609 570 531
f 609 531 572
f 614 576 537
f 615 537 577
f 616 538 539
f 618 540 541
f 619 541 579
f 625 583 582
f 625 581 583
f 626 548 586
f 629 552 588
f 630 553 589
f 632 590 591
f 633 554 593
f 637 596 597
f 638 597 598
f 640 599 600
f 642 563 601
f 602 525 524
f 643 524 526
f 644 566 603
f 645 606 607
f 647 608 609
f 648 609 610
f 650 611 612
f 653 614 615
f 654 615 577
f 655 577 578
f 656 578 616
f 656 616 617
f 657 617 618
f 658 618 619
f 622 621 544
f 663 625 624
f 663 623 625
f 665 584 585
f 664 585 626
f 666 626 627
f 668 628 629
f 670 588 630
f 671 630 631
f 672 591 592
f 672 592 633
f 673 633 593
f 674 593 634
f 675 595 636
f 677 637 638
f 680 640 641
f 683 601 602
f 3 565 644
f 684 603 604
f 686 604 605
f 689 646 645
f 688 647 648
f 691 650 651
f 695 655 656
f 698 658 619
f 697 619 659
f 701 661 663
f 704 664 666
f 705 668 669
f 707 631 632
f 708 632 672
f 709 672 673
f 712 634 635
f 711 635 675
f 715 677 678
f 717 680 681
f 718 681 682
f 720 683 602
f 721 602 643
f 782 643 287
f 723 644 684
f 723 684 685
f 11 687 646
f 725 646 689
f 726 688 648
f 735 696 657
f 734 657 658
f 737 698 697
f 736 699 700
f 738 702 662
f 741 662 665
f 740 665 664
f 744 705 706
f 54 671 707
f 747 709 710
f 749 710 674
f 748 674 634
f 748 634 712
f 750 711 713
f 751 713 714
f 752 714 715
f 754 717 718
f 755 718 719
f 756 719 720
f 757 643 782
f 4 644 723
f 86 724 687
f 13 11 725
f 758 725 726
f 759 727 728
f 765 694 695
f 766 695 696
f 29 735 734
f 767 734 698
f 768 698 737
f 36 736 700
f 781 739 738
f 781 37 739
f 45 741 740
f 47 742 743
f 770 743 744
f 771 744 706
f 772 706 745
f 56 707 746
f 58 746 747
f 773 710 749
f 63 749 748
f 775 751 752
f 779 754 755
f 756 755 719
f 6 723 722
f 780 13 758
f 780 758 759
f 15 759 16
f 18 760 761
f 98 764 765
f 102 766 735
f 27 29 767
f 30 767 768
f 40 781 41
f 40 37 781
f 42 741 45
f 49 770 771
f 50 771 772
f 53 745 54
f 60 747 773
f 61 748 774
f 68 66 775
f 70 775 776
f 78 778 779
f 207 721 757
f 284 757 782
f 4 5 1
f 5 4 6
f 18 19 20
f 19 22 23
f 22 25 26
f 30 31 32
f 48 49 50
f 71 72 73
f 72 74 75
f 79 80 81
f 9 12 87
f 89 15 14
f 14 17 91
f 21 92 91
f 21 20 93
f 20 23 94
f 95 24 26
f 104 33 32
f 44 43 111
f 111 46 48
f 51 114 115
f 115 114 53
f 65 64 121
f 64 67 123
f 73 75 126
f 77 128 127
f 88 87 133
f 90 91 136
f 91 92 137
f 92 93 138
f 93 94 139
f 94 24 95
f 104 105 142
f 146 111 112
f 147 112 113
f 116 149 148
f 125 126 159
f 128 81 162
f 129 83 164
f 164 83 82
f 82 85 167
f 137 138 172
f 138 139 173
f 95 96 176
f 97 99 178
f 101 179 178
f 141 142 182
f 142 106 143
f 187 109 110
f 189 146 147
f 190 147 148
f 198 155 154
f 199 154 156
f 158 159 203
f 160 128 161
f 206 161 162
f 135 212 211
f 135 170 213
f 171 172 215
f 172 173 216
f 217 174 175
f 177 219 218
f 221 181 182
f 189 190 228
f 190 191 229
f 198 199 238
f 199 200 239
f 201 202 241
f 241 202 203
f 243 204 205
f 205 161 206
f 247 166 167
f 214 251 252
f 214 215 253
f 215 216 254
f 258 221 222
f 223 260 259
f 187 188 227
f 228 229 267
f 230 268 267
f 230 231 269
f 236 238 274
f 278 241 242
f 246 245 290
f 293 249 250
f 296 212 252
f 251 298 297
f 251 253 299
f 253 254 300
f 218 301 302
f 258 259 306
f 266 310 309
f 266 267 311
f 233 234 272
f 275 313 273
f 318 278 279
f 280 281 321
f 322 323 321
f 325 247 248
f 327 293 294
f 296 330 329
f 296 297 331
f 331 297 298
f 332 298 299
f 299 300 334
f 300 255 336
f 302 301 337
f 305 306 342
f 306 260 307
f 310 311 351
f 311 268 353
f 270 354 353
f 313 358 357
f 360 315 314
f 361 314 316
f 364 318 319
f 321 367 366
f 368 369 323
f 373 327 328
f 330 331 377
f 378 332 333
f 379 333 334
f 384 341 342
f 349 350 390
f 350 351 391
f 356 357 397
f 313 359 398
f 361 362 401
f 363 364 403
f 364 365 404
f 410 373 374
f 412 377 378
f 413 378 379
f 414 379 380
f 336 337 417
f 421 384 385
f 347 348 389
f 390 391 429
f 391 352 393
f 403 404 437
f 405 367 439
f 370 325 443
f 445 410 411
f 448 376 412
f 449 412 413
f 450 413 414
f 451 414 415
f 417 453 452
f 456 421 422
f 428 462 461
f 428 429 463
f 430 464 463
f 392 466 465
f 394 395 468
f 396 397 470
f 399 434 471
f 436 437 477
f 439 369 480
f 487 445 446
f 446 447 489
f 447 448 490
f 490 448 449
f 491 449 450
f 492 450 451
f 493 451 452
f 418 419 497
f 499 456 457
f 457 423 458
f 462 463 509
f 467 468 511
f 468 469 513
f 516 473 474
f 476 477 520
f 478 479 522
f 480 523 522
f 524 525 482
f 528 487 488
f 532 490 491
f 533 491 492
f 534 492 493
f 535 493 494
f 538 497 498
f 542 499 500
f 507 508 549
f 508 509 550
f 516 557 555
f 516 517 558
f 518 519 560
f 560 519 520
f 523 563 562
f 480 482 564
f 528 530 570
f 572 532 533
f 573 533 534
f 574 534 535
f 575 535 536
f 496 577 537
f 579 542 543
f 543 501 544
f 586 549 550
f 550 551 552
f 557 558 596
f 598 560 561
f 564 601 563
f 525 602 601
f 569 486 606
f 571 570 608
f 610 572 573
f 611 573 574
f 612 574 575
f 613 575 576
f 539 540 618
f 579 580 621
f 627 586 587
f 587 552 629
f 631 589 590
f 556 595 635
f 636 594 596
f 639 598 599
f 600 563 642
f 607 608 647
f 610 611 650
f 651 612 613
f 652 613 614
f 620 621 660
f 667 627 628
f 629 588 670
f 676 636 637
f 678 638 639
f 679 639 640
f 681 641 642
f 682 642 601
f 605 606 687
f 645 647 688
f 651 652 692
f 652 653 693
f 694 654 655
f 697 659 660
f 699 660 622
f 666 667 703
f 703 667 668
f 670 706 705
f 675 676 713
f 676 677 714
f 715 678 679
f 716 679 680
f 719 682 683
f 685 686 724
f 689 688 726
f 727 648 649
f 690 729 728
f 690 691 730
f 691 692 731
f 692 693 732
f 693 654 694
f 697 699 736
f 704 742 740
f 703 743 742
f 743 703 705
f 670 671 745
f 746 708 709
f 715 716 753
f 753 716 717
f 758 726 727
f 728 729 760
f 729 730 761
f 730 731 762
f 731 732 763
f 733 25 763
f 764 733 694
f 737 736 769
f 740 742 47
f 774 712 750
f 750 751 775
f 776 752 753
f 753 754 778
f 722 724 84
f 761 762 19
f 762 763 22
f 766 100 98
f 768 769 31
f 36 35 31
f 772 745 53
f 776 777 72
f 777 778 74
f 162 80 721
f 122 153 62
f 197 237 196
f 206 283 281
f 408 441 288
f 756 79 755
