# OBJ created with rayvertex
v 0.042209 0.483079 -0.037480
v 0.024418 0.499941 -0.010147
v 0.052416 0.479436 0.004185
v 0.071040 0.358181 -0.039637
v 0.065539 0.391415 -0.016725
v 0.075314 0.358534 0.012373
v 0.146106 0.261959 -0.038278
v 0.094400 0.330374 -0.019136
v 0.104939 0.319014 0.025391
v 0.228039 0.080563 -0.055840
v 0.202294 0.116193 -0.043119
v 0.227353 0.081091 0.051869
v 0.295599 0.012670 -0.037469
v 0.278210 0.013207 -0.105092
v 0.309293 0.001051 -0.079742
v 0.316723 0.001051 -0.040176
v 0.320719 0.006201 -0.000002
v 0.279969 -0.014095 -0.072201
v 0.288949 -0.014095 -0.000002
v 0.319199 0.001051 -0.000002
v 0.256191 -0.037189 -0.065927
v 0.251848 -0.068576 -0.064198
v 0.260419 -0.037184 0.057400
v 0.272902 -0.093291 -0.068750
v 0.259925 -0.068576 -0.000002
v 0.306130 -0.110582 -0.065465
v 0.278542 -0.092478 0.058968
v 0.369895 -0.139533 -0.064333
v 0.320442 -0.125277 -0.118049
v 0.318143 -0.114768 0.071350
v 0.418823 -0.172007 -0.103463
v 0.379099 -0.154087 -0.147308
v 0.399528 -0.154447 0.073576
v 0.432216 -0.172007 -0.000002
v 0.452676 -0.198109 -0.000002
v 0.438650 -0.198109 -0.108848
v 0.444051 -0.227911 -0.000002
v 0.430287 -0.227911 -0.107704
v 0.419178 -0.250951 -0.000002
v 0.406186 -0.250951 -0.102443
v 0.284328 -0.323017 -0.065704
v 0.381884 -0.273808 -0.057662
v 0.280362 -0.319725 0.076549
v 0.288787 -0.319528 0.035250
v 0.273751 -0.318405 -0.089922
v 0.284320 -0.323810 -0.042002
v 0.281142 -0.322661 -0.058775
v 0.282793 -0.323239 -0.044147
v 0.276705 -0.325342 -0.076472
v 0.277107 -0.323148 -0.071446
v 0.287043 -0.322079 -0.007481
v 0.285770 -0.323256 -0.014214
v 0.284181 -0.313852 -0.023064
v 0.292004 -0.324649 0.012889
v 0.285971 -0.323127 0.004966
v 0.456218 -0.299332 -0.117382
v 0.421639 -0.296776 -0.103482
v 0.470799 -0.299332 -0.000002
v 0.499167 -0.316005 -0.000002
v 0.483706 -0.316005 -0.124427
v 0.500000 -0.347670 -0.000002
v 0.484508 -0.347670 -0.124635
v 0.481607 -0.374228 -0.000002
v 0.466687 -0.374228 -0.120067
v 0.439985 -0.402501 -0.109352
v 0.088090 -0.490913 0.070337
v 0.135645 -0.488316 -0.049512
v 0.163156 -0.486118 0.068658
v 0.072012 0.453262 -0.013374
v 0.073701 0.421785 -0.010104
v 0.058117 0.421739 -0.051226
v 0.057577 0.453222 -0.046158
v 0.054900 0.391593 -0.038539
v 0.098705 0.294486 -0.072286
v 0.080791 0.334924 -0.059441
v 0.135730 0.236218 -0.101965
v 0.167106 0.203736 -0.123976
v 0.184396 0.230352 -0.033714
v 0.188184 0.173659 -0.104230
v 0.207101 0.203925 -0.040866
v 0.158975 0.147857 -0.118580
v 0.193229 0.148945 -0.043616
v 0.163380 0.115341 -0.120448
v 0.206823 0.078726 -0.114471
v 0.241980 0.012372 -0.175635
v 0.263366 0.001485 -0.180677
v 0.280879 0.006201 -0.155042
v 0.296903 0.001051 -0.118014
v 0.253028 -0.014095 -0.139725
v 0.231526 -0.037189 -0.127577
v 0.227592 -0.068576 -0.124230
v 0.246632 -0.093291 -0.133042
v 0.271914 -0.110881 -0.145432
v 0.302875 -0.139910 -0.213907
v 0.378613 -0.172007 -0.200219
v 0.396542 -0.198109 -0.210641
v 0.388981 -0.227911 -0.208423
v 0.367179 -0.250951 -0.198243
v 0.330919 -0.275153 -0.185002
v 0.250174 -0.314299 -0.165117
v 0.281905 -0.317493 -0.130920
v 0.253977 -0.322609 -0.140256
v 0.262425 -0.322609 -0.123984
v 0.266961 -0.323223 -0.106144
v 0.258776 -0.323148 -0.122220
v 0.266722 -0.323114 -0.104006
v 0.250436 -0.323148 -0.138257
v 0.272192 -0.323159 -0.088855
v 0.263459 -0.308133 -0.099685
v 0.340987 -0.299649 -0.190560
v 0.370072 -0.301939 -0.105385
v 0.381652 -0.295743 -0.210291
v 0.412427 -0.299332 -0.227160
v 0.437293 -0.316005 -0.240786
v 0.438018 -0.347670 -0.241187
v 0.421901 -0.374228 -0.232352
v 0.380256 -0.407743 -0.221132
v 0.386389 -0.435877 -0.065877
v 0.321421 -0.452636 -0.148972
v 0.125939 -0.485135 -0.138966
v 0.225748 -0.478062 -0.093211
v 0.086639 -0.488050 -0.092641
v 0.118926 0.231892 -0.148852
v 0.171612 0.079461 -0.161424
v 0.232167 0.001051 -0.219357
v 0.188948 0.013406 -0.229945
v 0.210117 -0.014095 -0.198621
v 0.192226 -0.037189 -0.181355
v 0.188955 -0.068576 -0.176594
v 0.204802 -0.093291 -0.189119
v 0.232051 -0.114556 -0.214704
v 0.314563 -0.172007 -0.284612
v 0.248175 -0.154452 -0.309708
v 0.329476 -0.198109 -0.299425
v 0.323188 -0.227911 -0.296274
v 0.305050 -0.250951 -0.281808
v 0.218912 -0.293983 -0.272199
v 0.244526 -0.270336 -0.305360
v 0.218527 -0.315648 -0.206004
v 0.207957 -0.323148 -0.196537
v 0.230925 -0.323148 -0.168649
v 0.243747 -0.319513 -0.178043
v 0.219514 -0.319513 -0.207487
v 0.258421 -0.306096 -0.244915
v 0.304572 -0.297526 -0.298073
v 0.342684 -0.299332 -0.322911
v 0.363368 -0.316005 -0.342283
v 0.363970 -0.347670 -0.342850
v 0.350561 -0.374228 -0.330290
v 0.276520 -0.402418 -0.358074
v 0.243832 -0.436966 -0.303669
v 0.200890 -0.464532 -0.234724
v 0.006882 0.499292 -0.027455
v -0.001944 0.489442 -0.000002
v 0.029888 0.453162 -0.068638
v 0.035142 0.391296 -0.058282
v 0.042039 0.359873 -0.069120
v 0.042247 0.332249 -0.091123
v 0.070754 0.285906 -0.117452
v 0.060509 0.254916 -0.153336
v 0.156182 0.173659 -0.148163
v 0.092657 0.203896 -0.189031
v 0.114367 0.173659 -0.182788
v 0.089679 0.147750 -0.178077
v 0.089054 0.116044 -0.187040
v 0.125060 0.080107 -0.199152
v 0.128516 0.012646 -0.269437
v 0.170262 0.001051 -0.270620
v 0.202927 0.001051 -0.247041
v 0.154037 -0.014095 -0.245035
v 0.140883 -0.037189 -0.223736
v 0.138476 -0.068576 -0.217866
v 0.150126 -0.093291 -0.233315
v 0.165594 -0.110881 -0.255048
v 0.155688 -0.132483 -0.311815
v 0.230863 -0.172007 -0.351123
v 0.241834 -0.198109 -0.369401
v 0.237212 -0.227911 -0.365515
v 0.223873 -0.250951 -0.347664
v 0.190984 -0.315648 -0.232001
v 0.160225 -0.315648 -0.254147
v 0.152456 -0.323148 -0.242466
v 0.181742 -0.323148 -0.221337
v 0.191848 -0.319513 -0.233669
v 0.160958 -0.319513 -0.255976
v 0.161930 -0.306129 -0.318909
v 0.228549 -0.296540 -0.363882
v 0.251555 -0.299332 -0.398372
v 0.266761 -0.316005 -0.422274
v 0.267208 -0.347670 -0.422975
v 0.257349 -0.374228 -0.407477
v 0.096661 -0.472036 -0.252649
v 0.011449 0.479118 -0.053641
v 0.007692 0.391506 -0.068866
v 0.014890 0.421764 -0.075182
v 0.013470 0.359155 -0.079238
v 0.004459 0.331692 -0.101618
v 0.022844 0.293040 -0.127215
v 0.034285 0.230124 -0.185152
v 0.073261 0.078721 -0.225696
v 0.056559 0.012554 -0.293809
v 0.066380 0.001519 -0.313251
v 0.097764 0.006201 -0.306099
v 0.134835 0.001051 -0.289896
v 0.087951 -0.014095 -0.275858
v 0.080367 -0.037189 -0.251879
v 0.078978 -0.068576 -0.245269
v 0.085690 -0.093291 -0.262663
v 0.094609 -0.110881 -0.287131
v 0.132219 -0.172007 -0.395291
v 0.069018 -0.154548 -0.383671
v 0.138546 -0.198109 -0.415865
v 0.135876 -0.227911 -0.411490
v 0.128192 -0.250951 -0.391397
v 0.071055 -0.270123 -0.381052
v 0.062522 -0.293635 -0.339834
v 0.126865 -0.315648 -0.272249
v 0.091507 -0.315648 -0.286114
v 0.087033 -0.323148 -0.272965
v 0.120693 -0.323148 -0.259735
v 0.127444 -0.319513 -0.274209
v 0.091932 -0.319513 -0.288175
v 0.144147 -0.299332 -0.448483
v 0.125214 -0.297764 -0.406926
v 0.152911 -0.316005 -0.475389
v 0.153165 -0.347670 -0.476179
v 0.147480 -0.374228 -0.458732
v 0.136324 -0.404289 -0.424508
v 0.118070 -0.438275 -0.363543
v 0.027650 -0.484425 -0.192004
v 0.032850 -0.489018 -0.127677
v 0.029680 -0.484816 -0.048461
v -0.003510 -0.482303 -0.064221
v -0.008772 0.452997 -0.077489
v -0.019473 0.255632 -0.167274
v 0.011310 0.204092 -0.210375
v 0.010570 0.148116 -0.198629
v 0.011140 0.116394 -0.207702
v 0.014427 0.079827 -0.235760
v -0.014882 0.013170 -0.298416
v 0.018207 0.001051 -0.319903
v 0.016309 -0.014095 -0.289657
v 0.014766 -0.037189 -0.264477
v 0.014489 -0.068576 -0.257540
v 0.015854 -0.093291 -0.275804
v 0.017660 -0.110881 -0.301493
v 0.016904 -0.131420 -0.342203
v 0.025297 -0.172007 -0.415068
v 0.026578 -0.198109 -0.436671
v 0.026038 -0.227911 -0.432076
v 0.024480 -0.250951 -0.410978
v 0.054715 -0.315648 -0.295569
v 0.017035 -0.315648 -0.300430
v 0.016124 -0.323148 -0.286622
v 0.052007 -0.323148 -0.281981
v 0.054977 -0.319513 -0.297691
v 0.017120 -0.319513 -0.302590
v 0.020630 -0.305629 -0.357720
v 0.024950 -0.297042 -0.429619
v 0.027720 -0.299332 -0.470918
v 0.029494 -0.316005 -0.499172
v 0.029548 -0.347670 -0.500000
v 0.028399 -0.374228 -0.481683
v 0.023546 -0.401404 -0.450478
v -0.020954 -0.438107 -0.386382
v -0.013216 -0.470077 -0.282929
v -0.043335 -0.487568 -0.118149
v -0.063571 -0.483894 -0.188191
v -0.018014 0.499349 -0.023403
v -0.018369 0.479243 -0.051376
v -0.025552 0.421980 -0.072910
v -0.024711 0.391479 -0.065037
v -0.026185 0.358356 -0.075282
v -0.033761 0.327054 -0.092706
v -0.041792 0.300085 -0.120618
v -0.066827 0.203814 -0.198151
v -0.065685 0.235418 -0.170979
v -0.042564 0.173659 -0.212578
v -0.065145 0.147978 -0.188834
v -0.066588 0.114902 -0.191854
v -0.046205 0.077222 -0.233326
v -0.093914 0.012359 -0.285710
v -0.092248 0.001482 -0.307516
v -0.062368 0.006201 -0.316213
v -0.022111 0.001051 -0.319976
v -0.056420 -0.014095 -0.284974
v -0.051822 -0.037189 -0.260202
v -0.050988 -0.068576 -0.253373
v -0.055054 -0.093291 -0.271344
v -0.062615 -0.113875 -0.305864
v -0.120608 -0.139805 -0.342480
v -0.123787 -0.154241 -0.374139
v -0.083252 -0.172007 -0.408351
v -0.087079 -0.198109 -0.429607
v -0.085467 -0.227911 -0.425089
v -0.080807 -0.250951 -0.404330
v -0.106521 -0.268057 -0.376219
v -0.062545 -0.293403 -0.339722
v -0.020938 -0.315648 -0.300495
v -0.058580 -0.315648 -0.295569
v -0.020028 -0.323148 -0.286688
v -0.021023 -0.319513 -0.302660
v -0.058834 -0.319513 -0.297695
v -0.055864 -0.323148 -0.281985
v -0.115177 -0.306660 -0.337103
v -0.076648 -0.297645 -0.419825
v -0.090474 -0.299332 -0.463300
v -0.095789 -0.316005 -0.491099
v -0.095943 -0.347670 -0.491912
v -0.092503 -0.374228 -0.473891
v -0.140544 -0.402735 -0.429087
v -0.033375 -0.500000 -0.023892
v -0.043767 0.452852 -0.066328
v -0.117383 0.173685 -0.183281
v -0.102825 0.079173 -0.215009
v -0.138738 0.001051 -0.289885
v -0.162578 0.013192 -0.252641
v -0.125854 -0.014095 -0.262478
v -0.115401 -0.037189 -0.239658
v -0.113495 -0.068576 -0.233372
v -0.122745 -0.093291 -0.249922
v -0.135035 -0.110881 -0.273200
v -0.211460 -0.131886 -0.281523
v -0.186888 -0.172007 -0.376115
v -0.195598 -0.198109 -0.395695
v -0.191926 -0.227911 -0.391532
v -0.181333 -0.250951 -0.372409
v -0.095365 -0.315648 -0.286022
v -0.184959 -0.293589 -0.296910
v -0.130769 -0.315648 -0.272237
v -0.124597 -0.323148 -0.259724
v -0.090890 -0.323148 -0.272877
v -0.095789 -0.319513 -0.288078
v -0.131347 -0.319513 -0.274194
v -0.182143 -0.296618 -0.388112
v -0.203321 -0.299332 -0.426726
v -0.215402 -0.316005 -0.452331
v -0.215757 -0.347670 -0.453082
v -0.207926 -0.374228 -0.436482
v -0.132512 -0.464140 -0.276778
v -0.167137 -0.434728 -0.354712
v -0.062391 -0.487303 -0.058178
v -0.044384 0.479101 -0.035547
v -0.059853 0.421764 -0.050953
v -0.050317 0.391507 -0.050059
v -0.061110 0.359152 -0.055062
v -0.075344 0.330614 -0.070033
v -0.110347 0.260335 -0.112618
v -0.140359 0.230124 -0.128548
v -0.136632 0.204092 -0.162429
v -0.154523 0.116347 -0.144685
v -0.143259 0.147033 -0.142266
v -0.151082 0.081460 -0.181012
v -0.201562 0.012928 -0.223651
v -0.206746 0.001051 -0.246995
v -0.174173 0.001051 -0.270693
v -0.187459 -0.014095 -0.223644
v -0.171805 -0.037189 -0.204202
v -0.168943 -0.068576 -0.198844
v -0.182806 -0.093291 -0.212944
v -0.233015 -0.112021 -0.204067
v -0.292992 -0.155520 -0.273820
v -0.278827 -0.172007 -0.320469
v -0.291873 -0.198109 -0.337149
v -0.286372 -0.227911 -0.333602
v -0.270510 -0.250951 -0.317311
v -0.253028 -0.269012 -0.298308
v -0.164136 -0.315648 -0.254213
v -0.194811 -0.315648 -0.231959
v -0.156359 -0.323148 -0.242531
v -0.164861 -0.319513 -0.256042
v -0.195683 -0.319513 -0.233627
v -0.185568 -0.323148 -0.221298
v -0.229181 -0.306190 -0.274806
v -0.275417 -0.296321 -0.333025
v -0.303430 -0.299332 -0.363590
v -0.321522 -0.316005 -0.385404
v -0.322054 -0.347670 -0.386044
v -0.310320 -0.374228 -0.371901
v -0.294265 -0.396486 -0.352540
v -0.272084 -0.420082 -0.323716
v -0.265480 -0.449761 -0.239993
v -0.192766 -0.476120 -0.164678
v -0.144648 -0.486372 -0.098098
v -0.068139 0.453162 -0.036864
v -0.177429 0.173659 -0.127177
v -0.189665 0.203905 -0.097216
v -0.194101 0.078185 -0.142837
v -0.262896 0.012733 -0.147166
v -0.261754 0.001051 -0.188291
v -0.262980 0.006201 -0.189181
v -0.236078 0.001051 -0.219342
v -0.237274 -0.014095 -0.170490
v -0.217431 -0.037189 -0.155670
v -0.213797 -0.068576 -0.151587
v -0.231380 -0.093291 -0.162336
v -0.279328 -0.125484 -0.193733
v -0.369370 -0.149973 -0.144173
v -0.353184 -0.172007 -0.244303
v -0.369740 -0.198109 -0.257020
v -0.362758 -0.227911 -0.254317
v -0.342638 -0.250951 -0.241896
v -0.346673 -0.267778 -0.193814
v -0.310489 -0.293928 -0.167212
v -0.237436 -0.319601 -0.192809
v -0.211861 -0.323148 -0.196522
v -0.223418 -0.319513 -0.207471
v -0.247713 -0.319513 -0.178100
v -0.234883 -0.323148 -0.168703
v -0.285863 -0.312949 -0.168164
v -0.322386 -0.299084 -0.231354
v -0.356000 -0.295743 -0.256593
v -0.384399 -0.299332 -0.277179
v -0.407351 -0.316005 -0.293809
v -0.408022 -0.347670 -0.294294
v -0.393140 -0.374228 -0.283514
v -0.408346 -0.398121 -0.215263
v -0.375511 -0.420127 -0.197962
v -0.027566 0.499221 -0.010116
v -0.060146 0.482590 -0.003880
v -0.079248 0.421669 -0.019583
v -0.066287 0.391296 -0.025406
v -0.078253 0.359873 -0.030132
v -0.107524 0.324937 -0.016344
v -0.163658 0.256593 -0.046909
v -0.117746 0.290635 -0.066713
v -0.177738 0.230898 -0.069413
v -0.210241 0.173900 -0.051723
v -0.187459 0.148116 -0.073249
v -0.206715 0.116926 -0.057847
v -0.221605 0.079814 -0.088423
v -0.291125 0.013392 -0.079207
v -0.300722 0.001051 -0.117972
v -0.283425 0.001051 -0.154337
v -0.272578 -0.014095 -0.106818
v -0.249749 -0.037189 -0.097532
v -0.245575 -0.068576 -0.094975
v -0.265789 -0.093291 -0.101711
v -0.292629 -0.110881 -0.111182
v -0.334799 -0.125422 -0.084915
v -0.405870 -0.172007 -0.153066
v -0.424910 -0.198109 -0.161031
v -0.416879 -0.227911 -0.159336
v -0.393742 -0.250951 -0.151556
v -0.269199 -0.318936 -0.143861
v -0.254317 -0.323148 -0.138280
v -0.257850 -0.322609 -0.140279
v -0.266213 -0.322609 -0.124026
v -0.262564 -0.323148 -0.122258
v -0.270788 -0.323223 -0.106105
v -0.285770 -0.316357 -0.102030
v -0.273249 -0.323104 -0.097559
v -0.369463 -0.298969 -0.144647
v -0.409110 -0.295743 -0.160765
v -0.441767 -0.299332 -0.173660
v -0.468160 -0.316005 -0.184082
v -0.468932 -0.347670 -0.184386
v -0.451820 -0.374228 -0.177630
v -0.281442 -0.469158 -0.073923
v -0.345708 -0.450586 -0.090588
v -0.228232 -0.479686 -0.058263
v -0.029217 0.500000 0.007470
v -0.077721 0.453166 0.001446
v -0.070631 0.391600 -0.000934
v -0.083522 0.358250 0.010000
v -0.135652 0.291438 0.003788
v -0.211738 0.203693 -0.000017
v -0.189457 0.230566 0.029762
v -0.202310 0.148304 -0.002120
v -0.261237 0.050247 -0.033818
v -0.226003 0.088389 0.000302
v -0.302898 0.012340 0.000583
v -0.320604 0.001051 -0.040199
v -0.313251 0.001051 -0.079742
v -0.290585 -0.014095 -0.036402
v -0.266236 -0.037189 -0.033236
v -0.261785 -0.068576 -0.032366
v -0.283348 -0.093291 -0.034661
v -0.313614 -0.110679 0.001777
v -0.396727 -0.151594 -0.046531
v -0.432749 -0.172007 -0.052158
v -0.453047 -0.198109 -0.054873
v -0.444483 -0.227911 -0.054296
v -0.419803 -0.250951 -0.051646
v -0.383473 -0.274000 -0.049246
v -0.310227 -0.313699 -0.027686
v -0.315111 -0.316708 -0.038836
v -0.290492 -0.318025 -0.027128
v -0.282615 -0.321718 -0.070745
v -0.283765 -0.323171 -0.059869
v -0.279714 -0.323126 -0.076592
v -0.285871 -0.325394 -0.053452
v -0.286982 -0.323120 -0.041401
v -0.277215 -0.324113 -0.088208
v -0.295785 -0.322254 -0.025733
v -0.394999 -0.299756 0.002929
v -0.436197 -0.295743 -0.054785
v -0.471030 -0.299332 -0.059179
v -0.499174 -0.316005 -0.062727
v -0.500000 -0.347670 -0.062834
v -0.481754 -0.374228 -0.060531
v -0.456773 -0.396486 -0.057381
v -0.414703 -0.422982 -0.054288
v -0.069983 -0.490321 -0.008583
v -0.115941 -0.489759 -0.014449
v -0.034949 -0.489162 0.023419
v -0.079827 0.421674 0.018027
v -0.166150 0.255255 0.040169
v -0.260504 0.050963 0.033717
v -0.323042 0.001480 0.009423
v -0.322108 0.006201 0.040388
v -0.290585 -0.014095 0.036398
v -0.266236 -0.037189 0.033232
v -0.261785 -0.068576 0.032362
v -0.283348 -0.093291 0.034657
v -0.432749 -0.172007 0.052158
v -0.395894 -0.153758 0.100894
v -0.349967 -0.131010 0.088181
v -0.453047 -0.198109 0.054873
v -0.444483 -0.227911 0.054296
v -0.419803 -0.250951 0.051642
v -0.376236 -0.274905 0.099697
v -0.293277 -0.323079 0.050055
v -0.288455 -0.323460 0.038305
v -0.290808 -0.322351 0.007736
v -0.289535 -0.323153 0.013101
v -0.288671 -0.323178 -0.026997
v -0.290307 -0.325417 -0.014360
v -0.289767 -0.323130 -0.004639
v -0.287599 -0.321893 0.040754
v -0.324052 -0.313001 0.069089
v -0.471030 -0.299332 0.059175
v -0.436197 -0.295743 0.054781
v -0.499174 -0.316005 0.062727
v -0.500000 -0.347670 0.062831
v -0.481754 -0.374228 0.060527
v -0.447600 -0.403054 0.058501
v -0.374778 -0.439077 0.104145
v -0.313907 -0.460711 0.081860
v -0.250428 -0.474586 0.082288
v -0.193831 -0.484194 0.045095
v -0.106004 -0.489064 0.053048
v -0.064389 -0.489411 0.045206
v -0.068224 0.453041 0.037253
v -0.091338 0.332177 0.047860
v -0.129974 0.285918 0.052374
v -0.189665 0.203904 0.097216
v -0.203753 0.173659 0.079681
v -0.217177 0.173659 0.027151
v -0.187459 0.148116 0.073249
v -0.187150 0.116204 0.096927
v -0.208837 0.116394 0.026099
v -0.221628 0.079878 0.088369
v -0.290438 0.013202 0.079985
v -0.300722 0.001051 0.117968
v -0.313251 0.001051 0.079742
v -0.272578 -0.014095 0.106818
v -0.249749 -0.037189 0.097532
v -0.245575 -0.068576 0.094971
v -0.265789 -0.093291 0.101707
v -0.292629 -0.110881 0.111182
v -0.405870 -0.172007 0.153062
v -0.424910 -0.198109 0.161031
v -0.416879 -0.227911 0.159336
v -0.393742 -0.250951 0.151556
v -0.286218 -0.316133 0.102161
v -0.278009 -0.327679 0.084822
v -0.278688 -0.323148 0.080120
v -0.283255 -0.321813 0.067456
v -0.273326 -0.323207 0.097424
v -0.270788 -0.323223 0.106101
v -0.282955 -0.323085 0.063632
v -0.272894 -0.319266 0.105119
v -0.247882 -0.319015 0.177996
v -0.369131 -0.299099 0.144023
v -0.409110 -0.295743 0.160761
v -0.441767 -0.299332 0.173660
v -0.468160 -0.316005 0.184078
v -0.468932 -0.347670 0.184386
v -0.451820 -0.374228 0.177627
v -0.422287 -0.401234 0.166095
v -0.044932 0.479521 0.035543
v -0.059845 0.421770 0.050937
v -0.066287 0.391296 0.025406
v -0.050317 0.391507 0.050055
v -0.061110 0.359153 0.055054
v -0.125739 0.255600 0.109136
v -0.097718 0.293768 0.089663
v -0.140359 0.230125 0.128548
v -0.177429 0.173659 0.127177
v -0.163257 0.148116 0.116909
v -0.263112 0.012742 0.146726
v -0.193607 0.079497 0.140556
v -0.261754 0.001051 0.188287
v -0.262980 0.006201 0.189177
v -0.283425 0.001051 0.154333
v -0.237274 -0.014095 0.170490
v -0.217431 -0.037189 0.155666
v -0.213797 -0.068576 0.151583
v -0.231380 -0.093291 0.162333
v -0.231403 -0.111551 0.205989
v -0.256430 -0.125579 0.222219
v -0.322309 -0.151426 0.225203
v -0.353184 -0.172007 0.244303
v -0.369740 -0.198109 0.257016
v -0.362758 -0.227911 0.254313
v -0.342638 -0.250951 0.241896
v -0.284467 -0.267840 0.274244
v -0.280061 -0.293449 0.207629
v -0.267015 -0.315649 0.144939
v -0.246609 -0.315649 0.176825
v -0.257850 -0.322609 0.140275
v -0.234883 -0.323148 0.168699
v -0.254317 -0.323148 0.138276
v -0.266213 -0.322609 0.124022
v -0.262564 -0.323148 0.122258
v -0.322316 -0.299100 0.231366
v -0.356000 -0.295743 0.256593
v -0.384399 -0.299332 0.277175
v -0.407351 -0.316005 0.293805
v -0.408022 -0.347670 0.294294
v -0.393140 -0.374228 0.283510
v -0.363807 -0.404328 0.262439
v -0.283703 -0.438212 0.264827
v -0.240777 -0.459883 0.218629
v -0.181950 -0.475233 0.183373
v -0.127583 -0.486721 0.108963
v -0.016279 0.499279 0.024274
v -0.043551 0.452863 0.066405
v -0.066997 0.331692 0.078456
v -0.136632 0.204092 0.162429
v -0.117383 0.173683 0.183292
v -0.129110 0.148116 0.153359
v -0.134912 0.116394 0.160361
v -0.152548 0.080131 0.182013
v -0.218257 0.012645 0.207283
v -0.206746 0.001051 0.246991
v -0.162207 0.013369 0.252110
v -0.236078 0.001051 0.219338
v -0.187459 -0.014095 0.223640
v -0.171805 -0.037189 0.204198
v -0.168943 -0.068576 0.198840
v -0.182806 -0.093291 0.212944
v -0.217354 -0.151128 0.320919
v -0.278827 -0.172007 0.320465
v -0.291873 -0.198109 0.337146
v -0.286372 -0.227911 0.333598
v -0.270510 -0.250951 0.317307
v -0.222423 -0.315649 0.205989
v -0.184272 -0.293656 0.297087
v -0.194811 -0.315649 0.231955
v -0.185568 -0.323148 0.221294
v -0.211861 -0.323148 0.196522
v -0.223418 -0.319513 0.207468
v -0.195683 -0.319513 0.233623
v -0.229166 -0.306198 0.274772
v -0.275409 -0.296322 0.333021
v -0.303430 -0.299332 0.363590
v -0.321522 -0.316005 0.385404
v -0.322054 -0.347670 0.386044
v -0.310320 -0.374228 0.371897
v -0.290577 -0.401314 0.346986
v -0.027334 -0.489752 0.111909
v -0.013331 0.480804 0.055205
v -0.021031 0.421858 0.076338
v -0.025737 0.391582 0.064413
v -0.036885 0.359873 0.074034
v -0.032742 0.328991 0.093372
v -0.041777 0.298363 0.121234
v -0.053025 0.250098 0.154094
v -0.059729 0.228290 0.178593
v -0.066603 0.203813 0.198193
v -0.065145 0.147977 0.188827
v -0.066573 0.114902 0.191858
v -0.102810 0.079225 0.214912
v -0.093891 0.012353 0.285710
v -0.138738 0.001051 0.289881
v -0.174173 0.001051 0.270689
v -0.125854 -0.014095 0.262474
v -0.115401 -0.037189 0.239658
v -0.113495 -0.068576 0.233369
v -0.122745 -0.093291 0.249922
v -0.135035 -0.110881 0.273200
v -0.147996 -0.125484 0.298258
v -0.186888 -0.172007 0.376115
v -0.195598 -0.198109 0.395691
v -0.191926 -0.227911 0.391528
v -0.181333 -0.250951 0.372409
v -0.115894 -0.267916 0.374566
v -0.164136 -0.315649 0.254213
v -0.130769 -0.315649 0.272233
v -0.156359 -0.323148 0.242527
v -0.164861 -0.319513 0.256038
v -0.131347 -0.319513 0.274194
v -0.124597 -0.323148 0.259724
v -0.115185 -0.306661 0.337096
v -0.182143 -0.296618 0.388112
v -0.203321 -0.299332 0.426726
v -0.215402 -0.316005 0.452327
v -0.215757 -0.347670 0.453078
v -0.207926 -0.374228 0.436478
v -0.132806 -0.421300 0.401588
v -0.136756 -0.399069 0.438050
v -0.140058 -0.457473 0.298674
v -0.064003 -0.482419 0.206258
v -0.060802 -0.487267 0.151841
v 0.000293 0.453210 0.076854
v -0.006766 0.359620 0.082246
v -0.046190 0.077228 0.233326
v -0.092194 0.001479 0.307532
v -0.062368 0.006201 0.316213
v -0.056420 -0.014095 0.284970
v -0.051822 -0.037189 0.260198
v -0.050981 -0.068576 0.253373
v -0.055054 -0.093291 0.271340
v -0.060455 -0.110881 0.296613
v -0.023037 -0.131757 0.345877
v -0.077852 -0.154338 0.380975
v -0.083252 -0.172007 0.408351
v -0.087079 -0.198109 0.429607
v -0.085467 -0.227911 0.425086
v -0.080807 -0.250951 0.404326
v -0.095365 -0.315649 0.286022
v -0.062545 -0.293402 0.339726
v -0.058580 -0.315649 0.295565
v -0.055864 -0.323148 0.281981
v -0.090890 -0.323148 0.272877
v -0.095789 -0.319513 0.288078
v -0.058834 -0.319513 0.297691
v -0.090474 -0.299332 0.463300
v -0.076648 -0.297645 0.419817
v -0.095789 -0.316005 0.491095
v -0.095943 -0.347670 0.491912
v -0.092503 -0.374228 0.473887
v -0.019210 -0.451087 0.352313
v -0.011503 -0.470674 0.281446
v -0.010454 -0.490072 0.068180
v 0.006913 0.499169 0.027374
v 0.016009 0.332251 0.099631
v 0.025243 0.288576 0.132723
v 0.034162 0.256411 0.160938
v 0.034285 0.230123 0.185152
v 0.011310 0.204092 0.210375
v 0.011665 0.173659 0.216072
v -0.042564 0.173659 0.212575
v 0.010570 0.148116 0.198629
v 0.011140 0.116394 0.207699
v 0.014442 0.079851 0.235753
v -0.014882 0.013188 0.298423
v 0.018207 0.001051 0.319899
v -0.022111 0.001051 0.319972
v 0.016309 -0.014095 0.289657
v 0.014766 -0.037189 0.264477
v 0.014489 -0.068576 0.257536
v 0.015854 -0.093291 0.275804
v 0.017660 -0.110881 0.301493
v 0.025297 -0.172007 0.415064
v 0.073585 -0.155276 0.382812
v 0.026578 -0.198109 0.436671
v 0.026038 -0.227911 0.432076
v 0.024480 -0.250951 0.410974
v 0.071063 -0.270122 0.381048
v 0.062522 -0.293635 0.339834
v -0.020938 -0.315649 0.300495
v 0.017035 -0.315649 0.300426
v -0.020028 -0.323148 0.286684
v -0.021023 -0.319513 0.302656
v 0.017120 -0.319513 0.302587
v 0.016124 -0.323148 0.286619
v 0.020630 -0.305629 0.357720
v 0.024950 -0.297042 0.429611
v 0.027720 -0.299332 0.470918
v 0.029494 -0.316005 0.499172
v 0.029548 -0.347670 0.500000
v 0.028399 -0.374228 0.481679
v 0.026817 -0.396486 0.456602
v 0.071680 -0.420305 0.415403
v 0.018832 0.479112 0.051234
v 0.030837 0.391508 0.061355
v 0.028746 0.421764 0.070680
v 0.002399 0.391296 0.068893
v 0.032272 0.359150 0.073129
v 0.065084 0.173659 0.205777
v 0.092634 0.203904 0.188711
v 0.092464 0.147536 0.176806
v 0.092356 0.116102 0.185973
v 0.072822 0.079498 0.225265
v 0.057268 0.012740 0.293093
v 0.097294 0.001051 0.304659
v 0.097764 0.006201 0.306099
v 0.058225 0.001051 0.314723
v 0.087951 -0.014095 0.275858
v 0.080367 -0.037189 0.251875
v 0.078978 -0.068576 0.245266
v 0.085690 -0.093291 0.262663
v 0.094609 -0.110881 0.287127
v 0.119382 -0.131879 0.322279
v 0.132219 -0.172007 0.395287
v 0.138546 -0.198109 0.415865
v 0.135876 -0.227911 0.411490
v 0.128192 -0.250951 0.391393
v 0.054715 -0.315649 0.295565
v 0.091507 -0.315649 0.286114
v 0.052007 -0.323148 0.281981
v 0.054977 -0.319513 0.297691
v 0.091932 -0.319513 0.288171
v 0.087033 -0.323148 0.272961
v 0.161953 -0.306134 0.318909
v 0.125214 -0.297763 0.406926
v 0.144147 -0.299332 0.448479
v 0.152911 -0.316005 0.475389
v 0.153165 -0.347670 0.476179
v 0.147480 -0.374228 0.458732
v 0.201940 -0.395208 0.412838
v 0.154678 -0.449435 0.320234
v 0.112222 -0.473292 0.244341
v 0.062059 -0.485267 0.170925
v 0.065971 -0.488567 0.132403
v 0.023724 -0.493307 0.086594
v 0.038883 0.453120 0.064155
v 0.052755 0.331692 0.085962
v 0.085953 0.284330 0.109021
v 0.108164 0.255465 0.127901
v 0.132381 0.230470 0.134013
v 0.114367 0.173659 0.182784
v 0.125129 0.080013 0.199252
v 0.128686 0.012639 0.269341
v 0.170262 0.001051 0.270620
v 0.188732 0.013334 0.230153
v 0.134835 0.001051 0.289896
v 0.154037 -0.014095 0.245035
v 0.140883 -0.037189 0.223732
v 0.138476 -0.068576 0.217863
v 0.150126 -0.093291 0.233315
v 0.165594 -0.110881 0.255044
v 0.243269 -0.131422 0.251097
v 0.251771 -0.153211 0.306877
v 0.230863 -0.172007 0.351123
v 0.241834 -0.198109 0.369398
v 0.237212 -0.227911 0.365511
v 0.223873 -0.250951 0.347664
v 0.242528 -0.269443 0.307547
v 0.221782 -0.293063 0.271998
v 0.126865 -0.315649 0.272249
v 0.160225 -0.315649 0.254143
v 0.120693 -0.323148 0.259735
v 0.127444 -0.319513 0.274205
v 0.160958 -0.319513 0.255973
v 0.152456 -0.323148 0.242466
v 0.228556 -0.296538 0.363882
v 0.251555 -0.299332 0.398368
v 0.266761 -0.316005 0.422270
v 0.267208 -0.347670 0.422971
v 0.257349 -0.374228 0.407473
v 0.267393 -0.423075 0.322945
v 0.151160 -0.479729 0.171484
v 0.024017 0.499173 0.011421
v 0.040596 0.479052 0.036379
v 0.066719 0.453560 0.033421
v 0.066395 0.421651 0.041455
v 0.062916 0.391711 0.029103
v 0.062352 0.358783 0.047590
v 0.077227 0.327073 0.057026
v 0.156182 0.173659 0.148159
v 0.164776 0.203717 0.126279
v 0.160448 0.147966 0.115734
v 0.162678 0.115004 0.118603
v 0.172538 0.077739 0.162660
v 0.239241 0.012583 0.178139
v 0.252450 0.001505 0.195682
v 0.233278 0.006201 0.220393
v 0.202927 0.001051 0.247037
v 0.210117 -0.014095 0.198617
v 0.192226 -0.037189 0.181351
v 0.188955 -0.068576 0.176594
v 0.204802 -0.093291 0.189119
v 0.225825 -0.110881 0.206732
v 0.314563 -0.172007 0.284608
v 0.329476 -0.198109 0.299425
v 0.323188 -0.227911 0.296274
v 0.305050 -0.250951 0.281804
v 0.190984 -0.315649 0.231997
v 0.233964 -0.321041 0.193437
v 0.181742 -0.323148 0.221337
v 0.191848 -0.319513 0.233669
v 0.219514 -0.319513 0.207483
v 0.207957 -0.323148 0.196533
v 0.257943 -0.306030 0.244961
v 0.304765 -0.297558 0.297742
v 0.342684 -0.299332 0.322907
v 0.363368 -0.316005 0.342280
v 0.363970 -0.347670 0.342850
v 0.350561 -0.374228 0.330286
v 0.332215 -0.396486 0.313090
v 0.250351 -0.456339 0.219168
v 0.118124 0.288048 0.065781
v 0.156097 0.257570 0.058428
v 0.188184 0.173659 0.104226
v 0.204185 0.079016 0.116223
v 0.275232 0.013278 0.114810
v 0.279545 0.001051 0.154310
v 0.253028 -0.014095 0.139721
v 0.231526 -0.037189 0.127577
v 0.227592 -0.068576 0.124230
v 0.246632 -0.093291 0.133038
v 0.280709 -0.115342 0.153355
v 0.351572 -0.139256 0.129306
v 0.353338 -0.154338 0.186793
v 0.378613 -0.172007 0.200215
v 0.396542 -0.198109 0.210637
v 0.388981 -0.227911 0.208423
v 0.367179 -0.250951 0.198243
v 0.357404 -0.274072 0.148556
v 0.264230 -0.317339 0.145294
v 0.230925 -0.323148 0.168645
v 0.253977 -0.322609 0.140256
v 0.250436 -0.323148 0.138257
v 0.244287 -0.322155 0.178389
v 0.321213 -0.310237 0.116315
v 0.343016 -0.299165 0.193082
v 0.381652 -0.295743 0.210287
v 0.412427 -0.299332 0.227156
v 0.437293 -0.316005 0.240786
v 0.438018 -0.347670 0.241187
v 0.421901 -0.374228 0.232348
v 0.391859 -0.402949 0.216757
v 0.363746 -0.438110 0.133909
v 0.249155 -0.474494 0.086871
v 0.181179 0.230898 0.046916
v 0.202734 0.204092 0.052439
v 0.208274 0.173659 0.053857
v 0.191301 0.148116 0.049508
v 0.200127 0.116394 0.051773
v 0.295329 0.012633 0.040300
v 0.309293 0.001051 0.079738
v 0.296903 0.001051 0.118010
v 0.279969 -0.014095 0.072201
v 0.251848 -0.068576 0.064194
v 0.418823 -0.172007 0.103459
v 0.438650 -0.198109 0.108844
v 0.430287 -0.227911 0.107700
v 0.406186 -0.250951 0.102439
v 0.278804 -0.322909 0.070221
v 0.270827 -0.313818 0.098083
v 0.273048 -0.322951 0.089417
v 0.276983 -0.322601 0.071777
v 0.269430 -0.323313 0.097467
v 0.262425 -0.322609 0.123984
v 0.258776 -0.323148 0.122216
v 0.266961 -0.323223 0.106140
v 0.269453 -0.320831 0.107010
v 0.415498 -0.296661 0.111617
v 0.456218 -0.299332 0.117382
v 0.483706 -0.316005 0.124423
v 0.484508 -0.347670 0.124631
v 0.466687 -0.374228 0.120063
v 0.434801 -0.402782 0.110596
v 0.314131 -0.458489 0.081117
v 0.213635 0.173641 -0.035196
v 0.316723 0.001051 0.040172
v 0.286388 -0.326090 0.015512
v 0.285770 -0.323223 0.027151
v 0.283703 -0.323024 0.033887
v 0.282723 -0.322289 0.050652
v 0.282522 -0.323148 0.044910
v 0.037634 0.173823 -0.211535
f 1 2 3
f 4 5 6
f 7 8 9
f 10 11 12
f 10 13 14
f 15 14 13
f 16 13 17
f 16 18 15
f 19 16 20
f 18 16 19
f 21 18 19
f 22 21 23
f 24 22 25
f 26 24 27
f 28 29 30
f 31 32 33
f 31 35 36
f 36 37 38
f 38 39 40
f 41 42 43
f 44 45 46
f 47 48 46
f 45 47 46
f 49 50 47
f 46 51 44
f 46 52 51
f 53 52 48
f 52 54 55
f 54 52 53
f 53 41 54
f 41 48 50
f 53 48 41
f 56 57 58
f 56 59 60
f 60 61 62
f 61 64 62
f 65 64 63
f 66 67 68
f 70 72 69
f 73 71 5
f 4 73 5
f 74 75 8
f 76 74 7
f 77 76 78
f 79 77 80
f 81 79 82
f 83 81 82
f 84 83 11
f 84 14 85
f 10 14 84
f 86 87 88
f 87 85 14
f 88 89 86
f 18 88 15
f 89 88 18
f 18 90 89
f 21 91 90
f 22 92 91
f 93 92 24
f 29 93 26
f 32 94 28
f 95 36 96
f 96 38 97
f 97 40 98
f 40 99 98
f 99 41 100
f 42 41 99
f 101 102 103
f 101 103 45
f 104 105 106
f 103 104 45
f 105 104 103
f 107 103 102
f 101 45 44
f 45 108 49
f 104 106 45
f 106 109 108
f 108 41 50
f 41 108 109
f 105 109 106
f 109 100 41
f 100 105 107
f 105 100 109
f 110 101 111
f 112 110 111
f 56 112 57
f 56 114 113
f 114 62 115
f 115 64 116
f 117 116 65
f 65 119 117
f 120 121 67
f 122 67 66
f 77 123 76
f 84 85 124
f 125 126 85
f 86 127 125
f 127 86 89
f 89 128 127
f 90 129 128
f 91 130 129
f 93 130 92
f 94 131 29
f 132 133 32
f 132 96 134
f 134 97 135
f 135 98 136
f 137 136 99
f 137 100 139
f 140 142 143
f 102 141 107
f 142 102 101
f 141 102 142
f 141 100 107
f 140 139 141
f 142 144 143
f 110 142 101
f 145 144 110
f 112 146 145
f 113 147 146
f 147 115 148
f 148 116 149
f 150 149 117
f 151 150 117
f 152 151 119
f 120 152 121
f 122 120 67
f 153 154 2
f 155 1 72
f 73 157 156
f 158 157 75
f 159 158 74
f 160 159 76
f 161 123 77
f 163 162 161
f 164 163 161
f 165 164 83
f 166 165 124
f 126 124 85
f 166 126 167
f 124 126 166
f 168 126 169
f 169 170 168
f 127 169 125
f 170 169 127
f 127 171 170
f 128 172 171
f 129 173 172
f 130 174 173
f 175 174 131
f 133 175 94
f 176 134 177
f 177 135 178
f 179 178 136
f 180 137 139
f 137 180 181
f 182 184 185
f 183 143 184
f 180 140 183
f 181 183 182
f 184 186 185
f 144 184 143
f 186 184 144
f 144 187 186
f 145 188 187
f 188 147 189
f 189 148 190
f 148 191 190
f 150 191 149
f 120 192 152
f 155 193 1
f 194 195 156
f 156 196 194
f 158 196 157
f 160 198 159
f 162 199 123
f 200 167 201
f 166 167 200
f 202 203 204
f 204 167 168
f 203 201 167
f 204 205 202
f 170 204 168
f 205 204 170
f 170 206 205
f 171 207 206
f 172 208 207
f 173 209 208
f 175 209 174
f 210 211 133
f 210 177 212
f 212 178 213
f 214 213 179
f 137 214 138
f 216 215 137
f 217 137 181
f 216 217 218
f 137 217 216
f 219 221 222
f 220 185 221
f 217 182 220
f 218 220 219
f 221 186 222
f 186 221 185
f 187 223 224
f 188 225 223
f 190 225 189
f 226 191 227
f 191 228 227
f 150 229 228
f 229 152 192
f 230 192 120
f 120 231 230
f 231 232 233
f 234 193 155
f 235 198 160
f 236 199 162
f 237 165 238
f 239 238 200
f 239 201 240
f 200 201 239
f 241 240 201
f 202 242 241
f 242 202 205
f 205 243 242
f 206 244 243
f 207 245 244
f 208 246 245
f 247 246 209
f 211 247 175
f 248 212 249
f 249 213 250
f 250 214 251
f 252 216 218
f 216 252 253
f 254 256 257
f 255 222 256
f 252 219 255
f 253 255 254
f 256 258 257
f 186 256 222
f 258 256 186
f 259 258 224
f 224 260 259
f 260 225 261
f 261 226 262
f 226 263 262
f 228 263 227
f 229 264 228
f 229 266 265
f 230 266 192
f 267 230 231
f 233 267 231
f 269 154 153
f 153 270 269
f 234 270 193
f 271 194 272
f 194 273 272
f 274 273 196
f 275 274 197
f 235 275 198
f 276 277 199
f 278 276 236
f 279 278 237
f 280 279 237
f 281 280 238
f 281 240 282
f 283 284 285
f 284 282 240
f 285 286 283
f 242 285 241
f 286 285 242
f 286 243 287
f 287 244 288
f 288 245 289
f 289 246 290
f 291 290 247
f 292 291 211
f 293 292 248
f 248 294 293
f 249 295 294
f 250 296 295
f 297 296 251
f 251 298 297
f 299 216 253
f 298 299 300
f 216 299 298
f 301 303 304
f 301 257 302
f 253 301 299
f 299 304 300
f 302 305 303
f 258 302 257
f 305 302 258
f 306 305 258
f 260 306 259
f 260 308 307
f 261 309 308
f 309 263 310
f 265 310 264
f 232 312 233
f 313 270 234
f 277 275 235
f 314 276 278
f 279 314 278
f 315 280 281
f 281 282 315
f 316 317 282
f 283 318 316
f 318 283 286
f 318 287 319
f 319 288 320
f 320 289 321
f 289 322 321
f 323 322 290
f 324 292 293
f 293 325 324
f 294 326 325
f 295 327 326
f 297 327 296
f 328 298 300
f 329 328 330
f 297 328 329
f 331 333 334
f 304 333 332
f 300 332 328
f 328 331 330
f 333 305 334
f 305 333 303
f 335 305 306
f 335 307 336
f 336 308 337
f 308 338 337
f 309 339 338
f 311 339 310
f 265 340 341
f 268 340 266
f 312 342 233
f 343 269 270
f 344 313 271
f 271 345 344
f 345 273 346
f 346 274 347
f 348 347 275
f 349 348 277
f 350 349 276
f 351 352 280
f 353 351 315
f 317 315 282
f 353 317 354
f 355 354 317
f 356 357 355
f 318 356 316
f 357 356 318
f 357 319 358
f 358 320 359
f 359 321 360
f 361 360 322
f 362 323 292
f 363 362 324
f 324 364 363
f 325 365 364
f 366 365 326
f 367 366 327
f 329 367 297
f 368 329 330
f 329 368 369
f 370 372 373
f 370 334 371
f 330 370 368
f 368 373 369
f 371 374 372
f 305 371 334
f 374 371 305
f 375 374 335
f 376 375 336
f 376 337 377
f 337 378 377
f 338 379 378
f 380 379 339
f 339 381 380
f 341 382 381
f 383 382 340
f 383 268 384
f 267 384 268
f 344 385 313
f 386 387 350
f 388 354 389
f 353 354 388
f 390 391 392
f 392 354 355
f 391 389 354
f 392 393 390
f 357 392 355
f 393 392 357
f 393 358 394
f 394 359 395
f 395 360 396
f 397 361 323
f 398 397 323
f 399 362 363
f 363 400 399
f 364 401 400
f 365 402 401
f 403 402 366
f 404 403 367
f 405 329 369
f 329 405 404
f 406 408 409
f 373 407 406
f 406 405 369
f 407 410 408
f 374 407 372
f 411 407 374
f 411 375 412
f 376 412 375
f 376 414 413
f 377 415 414
f 415 379 416
f 381 416 380
f 418 417 381
f 419 154 269
f 420 419 343
f 421 385 344
f 344 422 421
f 422 346 423
f 424 423 347
f 425 426 348
f 427 425 349
f 428 387 386
f 429 428 386
f 430 429 351
f 431 430 388
f 431 389 432
f 433 432 389
f 434 389 391
f 434 435 433
f 393 434 390
f 435 434 393
f 435 394 436
f 436 395 437
f 437 396 438
f 439 438 361
f 440 439 397
f 441 398 399
f 399 442 441
f 400 443 442
f 401 444 443
f 403 444 402
f 445 404 405
f 446 448 449
f 450 448 451
f 449 450 452
f 448 450 449
f 447 408 451
f 409 447 446
f 408 447 409
f 446 445 405
f 445 449 452
f 449 445 446
f 453 410 411
f 411 454 453
f 454 413 455
f 455 414 456
f 456 415 457
f 415 458 457
f 417 458 416
f 459 460 382
f 461 459 383
f 384 461 383
f 462 154 419
f 420 462 419
f 421 463 385
f 464 421 422
f 465 464 422
f 424 465 423
f 425 466 426
f 467 468 427
f 428 467 387
f 469 428 429
f 430 469 429
f 470 471 431
f 470 432 472
f 431 432 470
f 473 432 474
f 474 475 473
f 435 474 433
f 475 474 435
f 475 436 476
f 476 437 477
f 477 438 478
f 479 478 439
f 480 440 398
f 480 441 481
f 441 482 481
f 442 483 482
f 443 484 483
f 485 484 444
f 404 486 485
f 487 488 489
f 489 490 491
f 492 493 490
f 487 489 451
f 494 491 452
f 491 445 452
f 445 491 495
f 495 486 445
f 493 495 490
f 490 495 491
f 487 451 410
f 453 487 410
f 496 487 453
f 497 496 453
f 454 498 497
f 455 499 498
f 457 499 456
f 500 458 501
f 502 501 417
f 503 502 418
f 504 505 342
f 506 504 312
f 232 506 312
f 464 507 421
f 508 425 468
f 509 470 472
f 510 511 472
f 510 472 473
f 475 510 473
f 512 510 475
f 476 512 475
f 477 513 476
f 478 514 477
f 479 515 478
f 516 518 480
f 482 516 481
f 483 519 482
f 483 521 520
f 485 521 484
f 522 486 523
f 485 486 522
f 487 524 488
f 524 525 488
f 524 526 525
f 488 527 493
f 488 525 528
f 528 529 527
f 529 495 527
f 495 529 523
f 527 495 493
f 523 486 495
f 530 523 526
f 526 523 529
f 487 496 531
f 498 533 497
f 532 499 534
f 499 535 534
f 501 535 500
f 502 536 501
f 538 537 503
f 503 539 538
f 540 539 459
f 541 540 461
f 542 541 505
f 506 543 504
f 544 420 463
f 545 465 424
f 545 466 546
f 547 468 467
f 548 547 549
f 550 548 549
f 551 550 552
f 553 551 471
f 554 509 472
f 509 554 553
f 555 554 556
f 556 554 511
f 556 557 555
f 512 556 510
f 557 556 512
f 512 558 557
f 513 559 558
f 514 560 559
f 561 560 515
f 518 561 479
f 562 519 563
f 563 520 564
f 564 521 565
f 566 524 487
f 566 567 524
f 567 568 569
f 566 570 567
f 571 570 566
f 569 572 524
f 572 523 530
f 523 572 573
f 568 573 572
f 573 568 570
f 531 566 487
f 574 566 531
f 531 575 574
f 575 531 496
f 576 575 533
f 576 532 577
f 577 534 578
f 578 535 579
f 535 580 579
f 537 580 536
f 538 581 537
f 504 542 505
f 544 582 420
f 583 584 585
f 586 585 584
f 545 586 465
f 587 588 546
f 589 587 508
f 547 589 468
f 590 550 591
f 551 591 550
f 592 553 554
f 594 595 596
f 596 592 555
f 596 597 594
f 557 596 555
f 597 596 557
f 557 598 597
f 558 599 598
f 559 600 599
f 601 600 560
f 602 601 561
f 561 603 602
f 562 603 517
f 604 563 605
f 605 564 606
f 606 565 607
f 608 607 522
f 609 608 522
f 609 610 611
f 610 609 523
f 612 613 614
f 574 612 566
f 613 612 574
f 566 612 615
f 571 616 570
f 615 571 566
f 616 571 615
f 614 615 612
f 616 573 570
f 573 610 523
f 610 616 614
f 616 610 573
f 611 614 613
f 617 574 575
f 576 617 575
f 576 619 618
f 577 620 619
f 620 579 621
f 621 580 622
f 622 581 623
f 624 623 538
f 538 625 624
f 626 625 540
f 540 627 626
f 628 154 462
f 629 582 544
f 630 586 545
f 631 589 547
f 632 631 590
f 633 632 590
f 634 633 551
f 635 634 593
f 636 593 592
f 593 636 635
f 637 638 636
f 639 636 595
f 639 640 637
f 597 639 594
f 640 639 597
f 597 641 640
f 598 642 641
f 599 643 642
f 601 643 600
f 602 645 644
f 645 605 646
f 646 606 647
f 647 607 648
f 649 608 609
f 649 609 611
f 650 649 651
f 652 654 655
f 613 654 653
f 649 613 653
f 651 653 652
f 654 656 655
f 574 656 654
f 617 657 656
f 618 658 657
f 658 620 659
f 659 621 660
f 621 661 660
f 622 662 661
f 624 662 623
f 543 663 542
f 629 664 582
f 583 666 665
f 667 666 585
f 668 667 586
f 669 668 630
f 588 670 669
f 671 670 587
f 672 671 589
f 632 672 631
f 673 632 633
f 674 673 633
f 675 674 634
f 638 635 636
f 675 638 676
f 635 638 675
f 677 638 678
f 678 679 677
f 640 678 637
f 679 678 640
f 640 680 679
f 641 681 680
f 642 682 681
f 683 682 643
f 684 683 601
f 601 644 684
f 685 646 686
f 686 647 687
f 688 687 648
f 689 688 608
f 690 650 651
f 650 690 691
f 692 694 695
f 692 655 693
f 690 652 692
f 691 692 695
f 693 696 694
f 656 693 655
f 696 693 656
f 697 696 656
f 698 697 657
f 658 699 698
f 660 699 659
f 700 661 701
f 702 701 662
f 662 704 702
f 705 704 626
f 706 705 627
f 665 707 629
f 668 708 667
f 675 676 709
f 710 711 676
f 710 676 677
f 679 710 677
f 712 710 679
f 679 713 712
f 680 714 713
f 681 715 714
f 682 716 715
f 684 716 683
f 718 717 644
f 719 718 644
f 719 686 720
f 720 687 721
f 721 688 722
f 723 689 650
f 723 650 691
f 724 723 725
f 726 728 729
f 695 728 727
f 723 695 727
f 725 727 726
f 728 696 729
f 696 728 694
f 697 730 731
f 698 732 730
f 699 733 732
f 733 701 734
f 735 702 704
f 736 735 704
f 737 663 543
f 232 737 506
f 738 154 628
f 739 708 668
f 740 739 669
f 741 740 670
f 742 741 671
f 743 742 672
f 744 743 745
f 746 744 745
f 747 746 674
f 748 747 709
f 749 709 676
f 750 749 751
f 751 749 711
f 751 752 750
f 712 751 710
f 752 751 712
f 712 753 752
f 713 754 753
f 714 755 754
f 715 756 755
f 717 756 716
f 757 758 718
f 757 720 759
f 759 721 760
f 760 722 761
f 724 761 689
f 763 762 724
f 764 724 725
f 763 764 765
f 724 764 763
f 766 768 769
f 766 729 767
f 764 726 766
f 765 766 769
f 767 770 768
f 696 767 729
f 770 767 696
f 771 770 731
f 731 772 771
f 772 732 773
f 773 733 774
f 733 775 774
f 776 775 734
f 702 776 703
f 735 777 702
f 707 778 664
f 779 780 781
f 781 782 779
f 739 782 708
f 783 784 743
f 785 783 746
f 746 786 785
f 787 786 747
f 788 748 749
f 789 790 791
f 791 788 750
f 791 792 789
f 752 791 750
f 792 791 752
f 792 753 793
f 793 754 794
f 794 755 795
f 795 756 796
f 758 796 717
f 798 758 757
f 757 799 798
f 759 800 799
f 760 801 800
f 762 801 761
f 802 763 765
f 763 802 803
f 804 806 807
f 769 805 804
f 765 804 802
f 802 807 803
f 805 808 806
f 770 805 768
f 808 805 770
f 809 808 770
f 772 809 771
f 772 811 810
f 773 812 811
f 812 775 813
f 814 813 776
f 735 815 777
f 816 815 736
f 736 817 816
f 663 817 706
f 819 818 663
f 820 778 707
f 821 782 739
f 821 740 822
f 823 822 741
f 824 823 742
f 825 784 783
f 785 825 783
f 826 786 787
f 827 787 788
f 787 827 826
f 828 829 827
f 830 827 790
f 830 831 828
f 792 830 789
f 831 830 792
f 831 793 832
f 832 794 833
f 833 795 834
f 834 796 835
f 836 835 797
f 837 797 758
f 838 837 798
f 798 839 838
f 799 840 839
f 841 840 800
f 842 841 801
f 763 842 762
f 844 763 803
f 843 844 845
f 763 844 843
f 846 848 849
f 807 847 846
f 803 846 844
f 844 849 845
f 847 808 848
f 808 847 806
f 850 808 809
f 850 810 851
f 851 811 852
f 811 853 852
f 812 854 853
f 814 854 813
f 814 815 855
f 818 856 817
f 857 154 738
f 858 857 738
f 859 858 778
f 860 859 820
f 861 860 779
f 862 861 779
f 863 862 782
f 822 863 821
f 864 865 784
f 866 864 785
f 867 866 785
f 868 867 786
f 829 826 827
f 868 829 869
f 826 829 868
f 870 871 872
f 871 869 829
f 872 873 870
f 831 872 828
f 873 872 831
f 873 832 874
f 874 833 875
f 875 834 876
f 876 835 877
f 878 837 838
f 838 879 878
f 839 880 879
f 881 880 840
f 842 881 841
f 882 843 845
f 843 882 883
f 884 886 887
f 849 885 884
f 845 884 882
f 887 883 882
f 885 888 886
f 808 885 848
f 888 885 808
f 850 888 808
f 851 889 850
f 851 891 890
f 853 891 852
f 892 854 893
f 894 893 814
f 895 855 815
f 896 863 822
f 823 897 896
f 898 865 864
f 866 898 864
f 899 867 868
f 899 869 900
f 901 900 869
f 870 902 901
f 902 870 873
f 902 874 903
f 903 875 904
f 904 876 905
f 905 877 906
f 907 906 836
f 908 907 837
f 909 908 878
f 878 910 909
f 879 911 910
f 880 912 911
f 913 912 881
f 914 913 843
f 914 843 883
f 915 916 917
f 918 916 915
f 918 915 887
f 917 914 883
f 888 918 886
f 918 888 919
f 920 919 888
f 921 920 889
f 921 890 922
f 922 891 923
f 892 923 891
f 892 925 924
f 894 925 893
f 895 926 855
f 68 928 856
f 3 857 858
f 6 861 862
f 9 6 863
f 929 897 824
f 930 929 865
f 931 930 898
f 932 931 898
f 933 932 867
f 12 933 899
f 12 900 934
f 899 900 12
f 935 900 936
f 936 937 935
f 902 936 901
f 937 936 902
f 937 903 23
f 903 938 23
f 27 938 905
f 905 30 27
f 33 907 908
f 908 939 33
f 909 940 939
f 910 941 940
f 911 942 941
f 913 942 912
f 44 943 944
f 945 946 947
f 44 944 918
f 917 948 949
f 950 948 944
f 949 950 947
f 948 950 949
f 951 949 947
f 949 914 917
f 914 951 43
f 951 914 949
f 946 43 947
f 951 947 43
f 918 919 44
f 952 919 920
f 953 952 922
f 953 923 954
f 923 955 954
f 924 956 955
f 926 956 925
f 927 957 926
f 958 895 928
f 856 66 68
f 2 154 857
f 3 2 857
f 859 70 69
f 5 70 861
f 6 5 861
f 78 7 897
f 930 78 929
f 930 959 80
f 82 959 932
f 932 11 82
f 12 11 933
f 12 13 10
f 20 17 960
f 960 934 935
f 17 13 934
f 960 19 20
f 937 960 935
f 19 960 937
f 25 23 938
f 26 27 30
f 28 30 907
f 34 33 939
f 939 35 34
f 940 37 35
f 941 39 37
f 42 39 942
f 43 913 914
f 942 43 42
f 44 961 962
f 44 51 961
f 961 55 963
f 964 965 946
f 44 963 965
f 965 43 946
f 43 965 963
f 55 54 963
f 43 963 54
f 54 41 43
f 111 101 44
f 44 919 111
f 58 57 952
f 953 59 58
f 954 61 59
f 61 956 63
f 118 65 927
f 119 118 958
f 958 121 119
f 67 121 68
f 1 3 69
f 4 6 8
f 15 13 16
f 16 17 20
f 21 19 23
f 22 23 25
f 24 25 27
f 29 26 30
f 32 28 33
f 31 33 34
f 40 39 42
f 49 47 45
f 50 48 47
f 52 55 51
f 48 52 46
f 111 919 952
f 111 952 57
f 65 63 957
f 72 1 69
f 71 70 5
f 75 4 8
f 74 8 7
f 76 7 78
f 77 78 80
f 79 80 959
f 79 959 82
f 83 82 11
f 84 11 10
f 87 14 88
f 88 14 15
f 93 24 26
f 94 29 28
f 95 32 31
f 108 50 49
f 106 108 45
f 112 111 57
f 116 64 65
f 161 77 79
f 161 79 81
f 124 83 84
f 125 85 86
f 85 87 86
f 131 93 29
f 133 94 32
f 132 32 95
f 136 98 99
f 137 99 100
f 139 100 141
f 145 110 112
f 149 116 117
f 151 117 119
f 152 119 121
f 153 2 1
f 155 72 71
f 156 71 73
f 157 4 75
f 158 75 74
f 159 74 76
f 160 76 123
f 164 161 81
f 164 81 83
f 165 83 124
f 169 126 125
f 175 131 94
f 176 133 132
f 178 135 136
f 179 136 138
f 193 153 1
f 195 155 71
f 195 71 156
f 198 158 159
f 199 160 123
f 966 162 163
f 966 163 164
f 200 165 166
f 203 167 204
f 167 126 168
f 211 175 133
f 210 133 176
f 213 178 179
f 214 179 138
f 224 186 187
f 234 155 195
f 197 158 198
f 235 160 199
f 236 162 966
f 237 966 164
f 238 165 200
f 241 201 202
f 201 203 202
f 247 209 175
f 248 211 210
f 251 214 215
f 258 186 224
f 271 234 195
f 274 196 197
f 275 197 198
f 277 235 199
f 276 199 236
f 278 236 966
f 278 966 237
f 280 237 238
f 281 238 239
f 284 240 285
f 285 240 241
f 290 246 247
f 291 247 211
f 292 211 248
f 298 215 216
f 306 258 259
f 310 263 264
f 313 234 271
f 316 282 283
f 282 284 283
f 323 290 291
f 341 311 265
f 268 266 230
f 342 267 233
f 343 270 313
f 347 274 275
f 348 275 277
f 349 277 276
f 350 276 314
f 352 314 279
f 352 279 280
f 351 280 315
f 355 317 356
f 356 317 316
f 360 321 322
f 361 322 323
f 323 291 292
f 362 292 324
f 366 326 327
f 367 327 297
f 374 305 335
f 375 335 336
f 381 311 341
f 385 343 313
f 426 347 348
f 387 349 350
f 386 350 314
f 386 314 352
f 388 351 353
f 391 354 392
f 396 360 361
f 398 323 362
f 403 366 367
f 404 367 329
f 406 369 373
f 409 405 406
f 416 379 380
f 418 381 382
f 384 267 342
f 419 269 343
f 420 343 385
f 423 346 347
f 424 347 426
f 425 348 349
f 427 349 387
f 429 386 352
f 429 352 351
f 430 351 388
f 433 389 434
f 434 391 390
f 438 396 361
f 439 361 397
f 440 397 398
f 398 362 399
f 448 447 451
f 446 405 409
f 451 408 410
f 460 418 382
f 459 382 383
f 505 384 342
f 463 420 385
f 465 422 423
f 466 424 426
f 468 425 427
f 467 427 387
f 471 430 431
f 474 432 433
f 478 438 439
f 479 439 440
f 404 444 403
f 492 490 489
f 488 492 489
f 488 493 492
f 451 452 450
f 494 452 451
f 489 494 451
f 489 491 494
f 497 453 454
f 501 458 417
f 502 417 418
f 503 418 460
f 504 342 312
f 507 463 421
f 549 467 428
f 549 428 469
f 552 469 430
f 552 430 471
f 472 432 473
f 518 479 440
f 518 440 480
f 516 480 481
f 526 529 525
f 530 526 524
f 528 527 488
f 525 529 528
f 533 496 497
f 537 502 503
f 539 460 459
f 540 459 461
f 505 461 384
f 544 463 507
f 584 507 464
f 584 464 465
f 546 466 508
f 547 467 549
f 550 549 469
f 550 469 552
f 551 552 471
f 553 471 509
f 556 511 510
f 554 472 511
f 561 515 479
f 562 517 516
f 565 521 522
f 567 569 524
f 568 572 569
f 570 568 567
f 572 530 524
f 575 496 533
f 582 462 420
f 583 544 507
f 586 584 465
f 588 545 546
f 587 546 508
f 589 508 468
f 590 547 548
f 593 551 553
f 595 592 596
f 592 554 555
f 601 560 561
f 603 518 517
f 607 565 522
f 609 522 523
f 623 581 538
f 625 539 540
f 627 541 542
f 628 462 582
f 629 544 583
f 630 545 588
f 631 547 590
f 633 590 591
f 633 591 551
f 634 551 593
f 637 636 639
f 639 595 594
f 636 592 595
f 645 603 604
f 648 607 608
f 656 574 617
f 663 627 542
f 664 628 582
f 665 629 583
f 667 585 586
f 668 586 630
f 669 630 588
f 671 587 589
f 672 589 631
f 674 633 634
f 675 634 635
f 678 638 637
f 683 643 601
f 685 644 645
f 687 647 648
f 688 648 608
f 689 608 650
f 697 656 657
f 698 657 658
f 701 661 662
f 704 624 625
f 704 625 626
f 705 626 627
f 707 664 629
f 708 666 667
f 745 672 632
f 745 632 673
f 709 674 675
f 676 638 677
f 717 684 644
f 719 644 685
f 722 688 689
f 731 696 697
f 734 701 703
f 736 704 705
f 737 543 506
f 738 628 664
f 781 665 666
f 781 666 708
f 739 668 669
f 740 669 670
f 741 670 671
f 742 671 672
f 743 672 745
f 746 745 673
f 746 673 674
f 747 674 709
f 751 711 710
f 749 676 711
f 758 717 718
f 757 718 719
f 761 722 689
f 770 696 731
f 776 734 703
f 778 738 664
f 665 780 707
f 784 742 743
f 783 743 744
f 783 744 746
f 787 747 748
f 790 788 791
f 788 749 750
f 796 756 717
f 809 770 771
f 813 775 776
f 814 776 777
f 817 705 706
f 819 663 737
f 819 737 232
f 820 707 780
f 822 740 741
f 823 741 742
f 824 742 784
f 828 827 830
f 830 790 789
f 827 788 790
f 835 796 797
f 837 758 798
f 841 800 801
f 842 801 762
f 856 816 817
f 66 818 819
f 858 738 778
f 859 778 820
f 860 820 780
f 860 780 779
f 862 779 782
f 863 782 821
f 865 824 784
f 864 784 825
f 864 825 785
f 867 785 786
f 868 786 826
f 871 829 872
f 872 829 828
f 877 835 836
f 836 797 837
f 881 840 841
f 887 882 884
f 893 854 814
f 894 814 855
f 816 895 815
f 896 822 823
f 901 869 870
f 869 871 870
f 906 877 836
f 907 836 837
f 908 837 878
f 913 881 842
f 913 842 843
f 918 887 886
f 915 883 887
f 917 883 915
f 920 888 889
f 926 894 855
f 928 895 856
f 122 66 819
f 3 858 859
f 6 862 863
f 9 863 896
f 9 896 897
f 929 824 865
f 930 865 898
f 932 898 866
f 932 866 867
f 933 867 899
f 936 900 901
f 938 904 905
f 30 906 907
f 944 947 950
f 945 947 944
f 943 945 944
f 943 946 945
f 944 948 918
f 948 916 918
f 952 920 921
f 952 921 922
f 232 122 819
f 69 3 859
f 70 860 861
f 8 6 9
f 7 9 897
f 78 897 929
f 959 931 932
f 17 934 960
f 934 900 935
f 19 937 23
f 25 938 27
f 28 907 33
f 962 963 44
f 961 963 962
f 51 55 961
f 964 946 943
f 44 964 943
f 44 965 964
f 58 952 953
f 63 956 957
f 65 957 927
f 118 927 958
f 121 928 68
f 31 34 35
f 36 35 37
f 38 37 39
f 56 58 59
f 60 59 61
f 61 63 64
f 70 71 72
f 18 21 90
f 21 22 91
f 22 24 92
f 95 31 36
f 96 36 38
f 97 38 40
f 40 42 99
f 107 105 103
f 56 113 112
f 56 60 114
f 114 60 62
f 115 62 64
f 65 118 119
f 89 90 128
f 90 91 129
f 91 92 130
f 93 131 130
f 132 95 96
f 134 96 97
f 135 97 98
f 137 138 136
f 140 141 142
f 110 144 142
f 112 113 146
f 113 114 147
f 147 114 115
f 148 115 116
f 73 4 157
f 161 162 123
f 127 128 171
f 128 129 172
f 129 130 173
f 130 131 174
f 176 132 134
f 177 134 135
f 182 183 184
f 183 140 143
f 180 139 140
f 181 180 183
f 144 145 187
f 145 146 188
f 188 146 147
f 189 147 148
f 148 149 191
f 156 157 196
f 158 197 196
f 170 171 206
f 171 172 207
f 172 173 208
f 173 174 209
f 210 176 177
f 212 177 178
f 137 215 214
f 219 220 221
f 220 182 185
f 217 181 182
f 218 217 220
f 187 188 223
f 188 189 225
f 190 226 225
f 226 190 191
f 191 150 228
f 150 151 229
f 229 151 152
f 120 122 231
f 231 122 232
f 237 164 165
f 205 206 243
f 206 207 244
f 207 208 245
f 208 209 246
f 248 210 212
f 249 212 213
f 250 213 214
f 254 255 256
f 255 219 222
f 252 218 219
f 253 252 255
f 224 223 260
f 260 223 225
f 261 225 226
f 226 227 263
f 228 264 263
f 229 265 264
f 229 192 266
f 267 268 230
f 153 193 270
f 271 195 194
f 194 196 273
f 281 239 240
f 286 242 243
f 287 243 244
f 288 244 245
f 289 245 246
f 248 249 294
f 249 250 295
f 250 251 296
f 251 215 298
f 301 302 303
f 301 254 257
f 253 254 301
f 299 301 304
f 260 307 306
f 260 261 308
f 261 262 309
f 309 262 263
f 265 311 310
f 318 286 287
f 319 287 288
f 320 288 289
f 289 290 322
f 293 294 325
f 294 295 326
f 295 296 327
f 297 298 328
f 331 332 333
f 304 303 333
f 300 304 332
f 328 332 331
f 335 306 307
f 336 307 308
f 308 309 338
f 309 310 339
f 265 266 340
f 271 272 345
f 345 272 273
f 346 273 274
f 353 315 317
f 357 318 319
f 358 319 320
f 359 320 321
f 324 325 364
f 325 326 365
f 370 371 372
f 370 331 334
f 330 331 370
f 368 370 373
f 376 336 337
f 337 338 378
f 338 339 379
f 339 311 381
f 341 340 382
f 383 340 268
f 393 357 358
f 394 358 359
f 395 359 360
f 363 364 400
f 364 365 401
f 365 366 402
f 406 407 408
f 373 372 407
f 411 410 407
f 411 374 375
f 376 413 412
f 376 377 414
f 377 378 415
f 415 378 379
f 381 417 416
f 344 345 422
f 422 345 346
f 431 388 389
f 435 393 394
f 436 394 395
f 437 395 396
f 399 400 442
f 400 401 443
f 401 402 444
f 446 447 448
f 411 412 454
f 454 412 413
f 455 413 414
f 456 414 415
f 415 416 458
f 475 435 436
f 476 436 437
f 477 437 438
f 480 398 441
f 441 442 482
f 442 443 483
f 443 444 484
f 404 445 486
f 454 455 498
f 455 456 499
f 457 500 499
f 500 457 458
f 508 466 425
f 509 471 470
f 476 513 512
f 477 514 513
f 478 515 514
f 516 517 518
f 482 519 516
f 483 520 519
f 483 484 521
f 485 522 521
f 498 532 533
f 532 498 499
f 499 500 535
f 501 536 535
f 502 537 536
f 503 460 539
f 545 424 466
f 512 513 558
f 513 514 559
f 514 515 560
f 562 516 519
f 563 519 520
f 564 520 521
f 576 533 532
f 577 532 534
f 578 534 535
f 535 536 580
f 537 581 580
f 504 543 542
f 583 507 584
f 590 548 550
f 592 593 553
f 557 558 598
f 558 559 599
f 559 560 600
f 561 518 603
f 562 604 603
f 604 562 563
f 605 563 564
f 606 564 565
f 614 616 615
f 611 610 614
f 576 618 617
f 576 577 619
f 577 578 620
f 620 578 579
f 621 579 580
f 622 580 581
f 538 539 625
f 540 541 627
f 597 598 641
f 598 599 642
f 599 600 643
f 602 603 645
f 645 604 605
f 646 605 606
f 647 606 607
f 649 650 608
f 652 653 654
f 613 574 654
f 649 611 613
f 651 649 653
f 617 618 657
f 618 619 658
f 658 619 620
f 659 620 621
f 621 622 661
f 622 623 662
f 583 585 666
f 588 587 670
f 640 641 680
f 641 642 681
f 642 643 682
f 601 602 644
f 685 645 646
f 686 646 647
f 692 693 694
f 692 652 655
f 690 651 652
f 691 690 692
f 658 659 699
f 660 700 699
f 700 660 661
f 702 703 701
f 662 624 704
f 679 680 713
f 680 681 714
f 681 682 715
f 682 683 716
f 684 717 716
f 719 685 686
f 720 686 687
f 721 687 688
f 723 724 689
f 726 727 728
f 695 694 728
f 723 691 695
f 725 723 727
f 697 698 730
f 698 699 732
f 699 700 733
f 733 700 701
f 749 748 709
f 712 713 753
f 713 714 754
f 714 715 755
f 715 716 756
f 757 719 720
f 759 720 721
f 760 721 722
f 724 762 761
f 766 767 768
f 766 726 729
f 764 725 726
f 765 764 766
f 731 730 772
f 772 730 732
f 773 732 733
f 733 734 775
f 702 777 776
f 781 708 782
f 746 747 786
f 788 787 748
f 792 752 753
f 793 753 754
f 794 754 755
f 795 755 756
f 758 797 796
f 757 759 799
f 759 760 800
f 760 761 801
f 804 805 806
f 769 768 805
f 765 769 804
f 802 804 807
f 772 810 809
f 772 773 811
f 773 774 812
f 812 774 775
f 735 736 815
f 736 705 817
f 663 818 817
f 821 739 740
f 831 792 793
f 832 793 794
f 833 794 795
f 834 795 796
f 798 799 839
f 799 800 840
f 763 843 842
f 846 847 848
f 807 806 847
f 803 807 846
f 844 846 849
f 850 809 810
f 851 810 811
f 811 812 853
f 812 813 854
f 814 777 815
f 873 831 832
f 874 832 833
f 875 833 834
f 876 834 835
f 838 839 879
f 839 840 880
f 884 885 886
f 849 848 885
f 845 849 884
f 850 889 888
f 851 890 889
f 851 852 891
f 853 892 891
f 892 853 854
f 823 824 897
f 899 868 869
f 902 873 874
f 903 874 875
f 904 875 876
f 905 876 877
f 878 879 910
f 879 880 911
f 880 881 912
f 921 889 890
f 922 890 891
f 892 924 923
f 892 893 925
f 894 926 925
f 895 927 926
f 937 902 903
f 903 904 938
f 905 906 30
f 908 909 939
f 909 910 940
f 910 911 941
f 911 912 942
f 917 916 948
f 953 922 923
f 923 924 955
f 924 925 956
f 926 957 956
f 958 927 895
f 856 818 66
f 859 860 70
f 930 80 78
f 930 931 959
f 932 933 11
f 12 934 13
f 939 940 35
f 940 941 37
f 941 942 39
f 942 913 43
f 953 954 59
f 954 955 61
f 61 955 956
f 958 928 121
f 404 485 444
f 505 541 461
f 663 706 627
f 665 781 780
f 816 856 895
