# OBJ created with rayvertex
v 0.118571 0.465784 0.234859
v -0.016198 0.478751 0.172929
v 0.165713 0.479306 0.086485
v 0.241241 0.465156 0.098592
v 0.392382 0.381321 0.131268
v 0.215754 0.383543 0.361654
v 0.241632 0.432895 0.250418
v 0.439716 0.323248 0.144232
v 0.323870 0.317083 0.323417
v 0.462949 0.238314 0.149848
v 0.339512 0.236217 0.339107
v 0.460672 0.150501 0.153230
v 0.339451 0.150310 0.339042
v 0.460495 0.069089 0.167487
v 0.343760 0.069105 0.343358
v 0.486819 -0.009172 0.165111
v 0.359656 -0.010835 0.359298
v 0.356366 -0.095444 0.356000
v 0.491067 -0.099034 0.149168
v 0.330940 -0.174520 0.330505
v 0.452038 -0.176464 0.138767
v 0.364065 -0.237931 0.186951
v 0.226297 -0.237468 0.345299
v 0.197749 -0.304968 0.314465
v 0.329375 -0.306698 0.169005
v 0.337917 -0.392175 0.108990
v 0.247192 -0.390984 0.246544
v 0.264866 -0.456313 0.135976
v 0.156297 -0.455565 0.258155
v 0.212387 -0.500000 0.051146
v 0.156044 -0.496296 0.155168
v 0.141084 -0.456979 0.072744
v 0.080432 -0.464865 0.132486
v 0.343070 0.432700 0.019055
v 0.414726 -0.238664 0.016487
v 0.372898 -0.306126 -0.004680
v 0.298175 -0.456289 -0.016368
v 0.154051 -0.464254 0.014354
v 0.085454 -0.413150 -0.035771
v 0.073316 -0.415386 0.048083
v -0.055657 -0.410135 -0.060682
v 0.160024 0.487100 -0.065598
v 0.158253 0.488909 0.016514
v 0.253564 0.465030 -0.054575
v 0.404482 0.383241 -0.059264
v 0.450236 0.317083 -0.066513
v 0.472035 0.236217 -0.069792
v 0.471782 0.150310 -0.069273
v 0.474228 0.069196 -0.130230
v 0.500000 -0.010835 -0.073747
v 0.482257 -0.106183 -0.145239
v 0.446471 -0.174685 -0.142103
v 0.329092 -0.390410 -0.115655
v 0.216390 -0.496296 -0.031032
v 0.124062 0.487788 -0.089929
v 0.034908 0.481748 -0.128719
v 0.287225 0.432374 -0.180540
v 0.325825 0.385272 -0.246328
v 0.373243 0.322305 -0.266711
v 0.391907 0.238322 -0.281148
v 0.426189 0.150310 -0.209971
v 0.421336 -0.012471 -0.282213
v 0.364065 -0.237931 -0.180317
v 0.329375 -0.306698 -0.163289
v 0.233543 -0.456743 -0.185610
v 0.195602 -0.496296 -0.095191
v 0.136369 -0.459907 -0.075926
v 0.083100 0.484521 -0.148403
v 0.171809 0.465088 -0.189476
v 0.278239 0.150333 -0.385908
v 0.300805 0.069087 -0.377890
v 0.356366 -0.095444 -0.347367
v 0.330932 -0.174519 -0.322741
v 0.289863 -0.237931 -0.282697
v 0.262244 -0.306698 -0.255918
v 0.200242 -0.389669 -0.284942
v 0.156044 -0.496296 -0.149771
v 0.156826 0.433283 -0.293729
v 0.201093 0.354625 -0.393422
v 0.219971 0.236217 -0.417618
v 0.233045 -0.010835 -0.442114
v 0.157156 -0.101524 -0.476715
v 0.146827 -0.174701 -0.439885
v 0.141023 -0.239263 -0.386523
v 0.110888 -0.306206 -0.351130
v 0.082525 -0.455874 -0.281636
v 0.101610 -0.496296 -0.189423
v 0.073830 -0.456979 -0.134769
v 0.004996 -0.412765 -0.085082
v -0.007756 0.465481 -0.254308
v -0.009489 0.406228 -0.376625
v 0.002964 0.322005 -0.453480
v -0.004635 0.236993 -0.477553
v 0.007357 0.150108 -0.477161
v 0.080915 0.069105 -0.467648
v -0.015278 -0.012199 -0.500000
v -0.008078 -0.390159 -0.343566
v 0.037607 -0.496296 -0.210271
v -0.008891 -0.461778 -0.149475
v -0.058532 0.489952 -0.069703
v -0.127781 0.483671 0.020404
v -0.062995 0.483445 -0.157259
v -0.128524 0.069248 -0.459257
v -0.072028 -0.095444 -0.486916
v -0.066929 -0.174519 -0.452350
v -0.058532 -0.237931 -0.396190
v -0.052981 -0.306698 -0.358606
v -0.041840 -0.456313 -0.287252
v -0.029678 -0.496296 -0.210271
v -0.189637 0.431233 -0.277128
v -0.225216 0.384800 -0.328656
v -0.199091 0.317083 -0.398208
v -0.208876 0.236217 -0.417614
v -0.266952 0.150501 -0.386707
v -0.293383 -0.011657 -0.406080
v -0.289457 -0.104085 -0.402570
v -0.267212 -0.175960 -0.372659
v -0.235145 -0.236425 -0.327138
v -0.203861 -0.306693 -0.300882
v -0.152164 -0.390984 -0.304526
v -0.151359 -0.457519 -0.247166
v -0.093674 -0.496296 -0.189423
v -0.065901 -0.456979 -0.134765
v -0.204482 0.465634 -0.139355
v -0.366043 0.320238 -0.256610
v -0.382836 0.239889 -0.277808
v -0.331262 0.069105 -0.333384
v -0.283944 -0.391420 -0.193132
v -0.148116 -0.496296 -0.149771
v -0.115535 -0.463166 -0.089910
v -0.156842 0.485412 -0.038477
v -0.319170 0.432325 -0.084667
v -0.377882 0.388866 -0.130360
v -0.414274 0.150310 -0.209971
v -0.456539 0.069063 -0.131202
v -0.439716 -0.010835 -0.222959
v -0.436441 -0.095444 -0.221479
v -0.405379 -0.174519 -0.205824
v -0.370989 -0.235817 -0.143360
v -0.321125 -0.306698 -0.163286
v -0.274827 -0.459285 -0.095229
v -0.187666 -0.496296 -0.095191
v -0.083660 -0.412614 0.002873
v -0.247805 0.465240 0.012110
v -0.439470 0.317083 -0.066513
v -0.460948 0.236217 -0.069792
v -0.468286 0.150035 0.002839
v -0.498267 -0.012386 0.017379
v -0.500000 -0.097191 0.004960
v -0.459621 -0.174703 0.001832
v -0.369425 -0.307957 0.006475
v -0.341422 -0.390159 -0.009373
v -0.208461 -0.496296 -0.031032
v -0.148031 -0.456979 -0.021434
v -0.134551 0.500000 0.094288
v -0.310973 0.432553 0.124180
v -0.385795 0.385964 0.114271
v -0.429441 0.322131 0.143252
v -0.451915 0.238324 0.149886
v -0.465188 0.069105 0.079847
v -0.380505 -0.235145 0.112484
v -0.279650 -0.455875 0.081450
v -0.208461 -0.496296 0.036432
v -0.148031 -0.456979 0.026835
v -0.187620 0.465066 0.171007
v -0.414281 0.150310 0.219357
v -0.375658 0.069087 0.300298
v -0.439716 -0.010835 0.232364
v -0.436441 -0.095444 0.230112
v -0.405379 -0.174520 0.213588
v -0.299218 -0.306088 0.213096
v -0.302477 -0.390984 0.159261
v -0.187674 -0.496296 0.100591
v -0.126247 -0.462823 0.080539
v -0.058808 -0.411578 0.061928
v -0.174700 0.432565 0.290796
v -0.248234 0.384830 0.326519
v -0.268401 0.322208 0.375864
v -0.277043 0.237100 0.398888
v -0.259798 0.150228 0.401705
v -0.280225 -0.012471 0.421131
v -0.291044 -0.097181 0.414739
v -0.269697 -0.174692 0.379593
v -0.280708 -0.237931 0.289331
v -0.200809 -0.391581 0.284980
v -0.203086 -0.456313 0.210282
v -0.148116 -0.496296 0.155168
v -0.007181 0.486226 0.156371
v -0.053188 0.465030 0.252913
v -0.127374 0.069448 0.474347
v -0.111601 -0.235643 0.390697
v -0.161603 -0.306698 0.328937
v -0.079673 -0.459406 0.283009
v -0.093682 -0.496296 0.194823
v -0.065901 -0.456979 0.140166
v -0.003347 -0.411170 0.093434
v 0.021934 0.432382 0.341271
v -0.010202 0.385585 0.411149
v 0.002979 0.322190 0.461682
v 0.002289 0.238344 0.485398
v -0.067826 0.150310 0.471710
v -0.072288 -0.010835 0.500000
v -0.072028 -0.095444 0.495549
v -0.066929 -0.174520 0.460106
v 0.017525 -0.307616 0.373408
v -0.049822 -0.390984 0.343293
v -0.029678 -0.496296 0.215667
v 0.017180 -0.459600 0.156409
v 0.157401 0.150578 0.458696
v 0.168336 0.069089 0.460391
v 0.162800 -0.009207 0.489449
v 0.157263 -0.101485 0.485290
v 0.146697 -0.174671 0.447637
v 0.067695 -0.237931 0.402824
v 0.099916 -0.390811 0.336159
v 0.049776 -0.456313 0.292652
v 0.037607 -0.496296 0.215671
v 0.026174 0.489819 0.100660
v 0.223038 0.266002 0.419509
v 0.101610 -0.496296 0.194823
f 3 2 1
f 3 1 4
f 7 6 5
f 6 9 8
f 11 10 9
f 13 12 11
f 15 14 13
f 14 17 16
f 19 16 18
f 20 21 18
f 21 23 22
f 24 25 23
f 25 27 26
f 26 29 28
f 28 31 30
f 31 33 32
f 34 4 5
f 21 22 35
f 35 25 36
f 26 28 37
f 30 32 38
f 38 40 39
f 39 40 41
f 43 3 42
f 42 3 44
f 34 5 45
f 5 8 46
f 8 10 46
f 12 48 10
f 12 14 49
f 16 50 14
f 50 19 51
f 51 21 52
f 53 36 37
f 37 30 54
f 56 43 55
f 44 34 57
f 57 45 58
f 45 46 59
f 47 60 46
f 47 48 61
f 62 49 51
f 52 35 63
f 63 36 64
f 53 37 65
f 37 54 66
f 54 38 67
f 55 42 68
f 69 68 42
f 42 44 69
f 60 61 70
f 61 49 71
f 62 51 72
f 72 52 73
f 73 63 74
f 75 74 64
f 75 53 76
f 65 66 77
f 69 57 78
f 78 58 79
f 58 59 79
f 60 80 59
f 81 71 72
f 81 72 82
f 73 83 72
f 83 74 84
f 84 75 85
f 76 65 86
f 65 77 87
f 77 67 88
f 88 39 89
f 89 39 41
f 90 68 78
f 90 78 91
f 79 80 92
f 80 70 94
f 70 71 95
f 96 95 82
f 97 85 86
f 86 87 98
f 98 88 99
f 101 56 100
f 56 68 102
f 56 102 100
f 94 95 103
f 96 82 104
f 83 105 82
f 84 106 83
f 106 85 107
f 97 86 108
f 108 98 109
f 90 91 110
f 110 91 111
f 91 92 112
f 92 93 112
f 93 94 114
f 115 103 104
f 115 104 116
f 117 116 105
f 106 118 105
f 107 119 106
f 119 97 120
f 120 108 121
f 109 122 108
f 122 99 123
f 123 89 41
f 124 102 110
f 111 112 125
f 113 126 112
f 114 103 127
f 119 120 128
f 121 122 129
f 129 123 130
f 100 102 131
f 124 110 132
f 110 111 133
f 126 114 134
f 134 127 135
f 127 115 136
f 116 137 115
f 117 138 116
f 117 118 139
f 118 119 140
f 128 121 141
f 141 129 142
f 130 41 143
f 131 124 144
f 133 125 145
f 126 146 125
f 146 134 147
f 135 136 148
f 136 137 149
f 138 150 137
f 139 140 151
f 140 128 152
f 141 142 153
f 142 130 154
f 131 155 101
f 101 100 131
f 144 132 156
f 132 133 157
f 157 145 158
f 146 159 145
f 147 135 160
f 150 139 161
f 152 141 162
f 141 153 163
f 153 154 163
f 155 144 165
f 159 147 166
f 166 160 167
f 160 148 168
f 149 169 148
f 150 170 149
f 161 151 171
f 151 152 172
f 162 163 173
f 163 164 174
f 174 143 175
f 175 143 41
f 165 156 176
f 156 157 177
f 177 158 178
f 178 159 179
f 179 166 180
f 167 168 181
f 168 169 182
f 170 183 169
f 170 161 184
f 171 172 185
f 172 162 186
f 186 173 187
f 101 155 188
f 2 155 165
f 2 165 189
f 180 167 190
f 183 184 191
f 184 171 192
f 185 186 193
f 186 187 194
f 187 174 195
f 195 175 196
f 196 175 41
f 189 176 197
f 176 177 198
f 198 178 199
f 200 199 179
f 200 180 201
f 190 181 202
f 182 203 181
f 183 204 182
f 191 192 205
f 192 185 206
f 193 194 207
f 207 195 208
f 2 189 1
f 200 201 209
f 190 210 201
f 190 202 210
f 203 212 202
f 203 204 212
f 204 191 214
f 205 206 215
f 206 193 216
f 193 207 216
f 218 188 3
f 7 1 6
f 197 198 6
f 6 199 219
f 213 214 23
f 214 205 24
f 215 216 29
f 217 220 216
f 220 208 33
f 33 196 40
f 40 196 41
f 218 43 101
f 6 219 9
f 9 219 11
f 209 13 219
f 15 13 210
f 210 211 17
f 212 18 211
f 212 213 18
f 24 215 27
f 29 220 31
f 4 1 7
f 5 6 8
f 14 15 17
f 21 20 23
f 25 24 27
f 26 27 29
f 28 29 31
f 30 31 32
f 32 33 40
f 35 22 25
f 36 25 26
f 37 28 30
f 38 32 40
f 56 101 43
f 44 4 34
f 45 5 46
f 48 12 49
f 50 16 19
f 51 19 21
f 52 21 35
f 54 30 38
f 55 43 42
f 57 34 45
f 58 45 59
f 60 47 61
f 61 48 49
f 63 35 36
f 64 36 53
f 65 37 66
f 66 54 67
f 67 38 39
f 70 61 71
f 71 49 62
f 72 51 52
f 73 52 63
f 75 64 53
f 76 53 65
f 77 66 67
f 78 57 58
f 80 60 70
f 83 73 74
f 84 74 75
f 85 75 76
f 86 65 87
f 87 77 88
f 88 67 39
f 56 55 68
f 91 78 79
f 91 79 92
f 93 80 94
f 94 70 95
f 95 71 81
f 98 87 88
f 99 88 89
f 102 68 90
f 103 95 96
f 106 84 85
f 107 85 97
f 108 86 98
f 109 98 99
f 111 91 112
f 113 93 114
f 114 94 103
f 119 107 97
f 120 97 108
f 122 109 99
f 123 99 89
f 126 113 114
f 127 103 115
f 128 120 121
f 129 122 123
f 130 123 41
f 131 102 124
f 132 110 133
f 133 111 125
f 134 114 127
f 135 127 136
f 138 117 139
f 139 118 140
f 140 119 128
f 141 121 129
f 142 129 130
f 146 126 134
f 147 134 135
f 148 136 149
f 150 138 139
f 151 140 152
f 152 128 141
f 153 142 154
f 154 130 143
f 155 131 144
f 156 132 157
f 157 133 145
f 159 146 147
f 160 135 148
f 161 139 151
f 162 141 163
f 164 154 143
f 165 144 156
f 166 147 160
f 167 160 168
f 170 150 161
f 171 151 172
f 172 152 162
f 173 163 174
f 174 164 143
f 176 156 177
f 177 157 158
f 178 158 159
f 179 159 166
f 180 166 167
f 181 168 182
f 183 170 184
f 184 161 171
f 185 172 186
f 186 162 173
f 187 173 174
f 188 155 2
f 189 165 176
f 190 167 181
f 191 184 192
f 192 171 185
f 193 186 194
f 194 187 195
f 195 174 175
f 218 101 188
f 197 176 198
f 198 177 178
f 200 179 180
f 201 180 190
f 204 183 191
f 205 192 206
f 206 185 193
f 207 194 195
f 208 195 196
f 1 189 197
f 213 204 214
f 214 191 205
f 215 206 216
f 217 207 208
f 3 188 2
f 6 198 199
f 219 199 200
f 219 200 209
f 23 214 24
f 24 205 215
f 220 217 208
f 33 208 196
f 43 218 3
f 15 210 17
f 20 213 23
f 27 215 29
f 31 220 33
f 10 8 9
f 12 10 11
f 14 12 13
f 16 17 18
f 21 19 18
f 25 22 23
f 4 7 5
f 3 4 44
f 10 47 46
f 48 47 10
f 50 49 14
f 36 26 37
f 60 59 46
f 49 50 51
f 44 57 69
f 74 63 64
f 80 79 59
f 71 62 72
f 83 82 72
f 68 69 78
f 80 93 92
f 95 81 82
f 85 76 86
f 105 104 82
f 106 105 83
f 93 113 112
f 103 96 104
f 116 104 105
f 118 117 105
f 119 118 106
f 122 121 108
f 102 90 110
f 126 125 112
f 137 136 115
f 138 137 116
f 124 132 144
f 146 145 125
f 150 149 137
f 159 158 145
f 154 164 163
f 169 168 148
f 170 169 149
f 183 182 169
f 199 178 179
f 203 202 181
f 204 203 182
f 210 209 201
f 202 211 210
f 212 211 202
f 204 213 212
f 207 217 216
f 1 197 6
f 220 29 216
f 13 11 219
f 13 209 210
f 18 17 211
f 213 20 18
