# OBJ created with rayvertex
v 0.041094 0.493968 0.002641
v 0.000181 0.500000 -0.000089
v 0.027760 0.494052 0.027245
v 0.059601 0.467061 0.030241
v 0.074055 0.431812 0.037800
v 0.035728 0.468403 0.059041
v 0.089450 0.392565 0.028604
v 0.059570 0.397199 0.058644
v 0.065361 0.360021 0.050656
v 0.063601 0.295730 0.032202
v 0.055633 0.328162 0.028434
v 0.044546 0.327604 0.043850
v 0.035651 0.292701 0.055698
v 0.044422 0.261781 0.079233
v 0.082594 0.269376 0.041676
v 0.105934 0.247285 0.053405
v 0.084362 0.242124 0.083379
v 0.108930 0.223983 0.107740
v 0.136818 0.230201 0.068983
v 0.163509 0.244140 0.082476
v 0.130178 0.240159 0.128804
v 0.161386 0.242105 0.163009
v 0.200940 0.245710 0.104169
v 0.267741 0.236008 0.135170
v 0.300886 0.226316 0.151925
v 0.144747 0.232227 0.257299
v 0.239513 0.223379 0.237219
v 0.264143 0.208242 0.261634
v 0.331824 0.211364 0.167565
v 0.277369 0.179769 0.274753
v 0.348447 0.183084 0.175970
v 0.261487 0.151538 0.259005
v 0.328488 0.154778 0.165882
v 0.236031 0.129795 0.233764
v 0.296509 0.132809 0.149713
v 0.240702 0.105188 0.134877
v 0.159934 0.079588 0.158311
v 0.134772 0.060195 0.133363
v 0.169284 0.061872 0.085398
v 0.200901 0.081687 0.101381
v 0.113254 0.033603 0.112025
v 0.142246 0.034721 0.071731
v 0.117029 -0.001298 0.115770
v 0.146994 -0.000796 0.074129
v 0.140840 -0.024438 0.139378
v 0.176912 -0.024220 0.089251
v 0.165933 -0.044989 0.164260
v 0.208437 -0.044922 0.105188
v 0.158676 -0.067520 0.157064
v 0.199318 -0.067517 0.100578
v 0.103657 -0.078775 0.102509
v 0.082926 -0.081435 0.066890
v 0.136656 -0.078711 0.046903
v 0.159486 -0.074462 0.098026
v 0.096530 -0.073330 0.039695
v 0.102568 -0.094328 0.042603
v 0.086300 -0.086793 0.030955
v 0.070943 -0.086741 0.058065
v 0.088253 -0.092256 0.068141
v 0.121847 -0.096358 0.085402
v 0.272775 -0.122717 0.137718
v 0.240023 -0.109532 0.061215
v 0.114497 -0.109658 0.215607
v 0.305063 -0.134414 0.154037
v 0.163841 -0.122964 0.265541
v 0.242841 -0.134183 0.240512
v 0.266034 -0.155985 0.263514
v 0.334202 -0.156364 0.168769
v 0.262328 -0.189742 0.259839
v 0.329546 -0.190363 0.166414
v 0.240949 -0.214604 0.238636
v 0.302685 -0.215408 0.152833
v 0.177051 -0.287603 0.089324
v 0.219269 -0.263834 0.122600
v 0.103124 -0.286213 0.167916
v 0.145087 -0.306176 0.073164
v 0.115516 -0.304794 0.114264
v 0.095519 -0.325122 0.094440
v 0.119963 -0.326499 0.060462
v 0.079035 -0.355495 0.078098
v 0.099256 -0.356704 0.049996
v 0.068503 -0.391440 0.067651
v 0.086014 -0.392338 0.043305
v 0.076356 -0.420842 0.075441
v 0.095889 -0.421301 0.048297
v 0.102923 -0.416117 0.101783
v 0.129267 -0.416363 0.065168
v 0.129089 -0.403634 0.127723
v 0.170782 -0.404068 0.059586
v 0.190987 -0.390078 0.111025
v 0.218767 -0.356198 0.221445
v 0.259881 -0.341777 0.257411
v 0.316992 -0.343968 0.157963
v 0.247327 -0.367409 0.122603
v 0.287344 -0.336016 0.284640
v 0.360978 -0.335996 0.182301
v 0.395930 -0.335314 0.199971
v 0.429879 -0.343435 0.217136
v 0.315162 -0.335380 0.312224
v 0.342185 -0.343616 0.339018
v 0.359565 -0.369164 0.356248
v 0.451714 -0.368630 0.228174
v 0.347204 -0.402081 0.343990
v 0.436179 -0.400915 0.220321
v 0.408577 -0.420851 0.206369
v 0.325230 -0.422512 0.322208
v 0.276419 -0.445947 0.293894
v 0.364746 -0.441291 0.183000
v 0.291436 -0.462954 0.147906
v 0.148685 -0.475953 0.242589
v 0.220250 -0.476643 0.127935
v 0.081822 0.431812 0.013563
v 0.067500 0.468040 -0.004031
v 0.061447 0.328712 0.010304
v 0.080069 0.360008 0.013898
v 0.070326 0.297648 0.011219
v 0.091388 0.272891 0.014257
v 0.117230 0.252389 0.018149
v 0.151426 0.236330 0.023400
v 0.180973 0.247828 0.027986
v 0.219485 0.248542 0.033966
v 0.279245 0.240381 0.041819
v 0.333044 0.228130 0.051602
v 0.367286 0.213166 0.056918
v 0.385685 0.184914 0.059775
v 0.363603 0.156547 0.056347
v 0.328195 0.134452 0.050849
v 0.274079 0.108322 0.042807
v 0.222365 0.082829 0.034414
v 0.187366 0.062787 0.028978
v 0.157440 0.035330 0.024334
v 0.162690 -0.000523 0.025148
v 0.195805 -0.024100 0.030291
v 0.230704 -0.044885 0.035707
v 0.220612 -0.067515 0.034144
v 0.185359 -0.074114 0.005915
v 0.107062 -0.084185 0.008227
v 0.110042 -0.091860 0.016972
v 0.091311 -0.086910 0.005316
v 0.166427 -0.099177 0.026087
v 0.163208 -0.101098 0.091297
v 0.337669 -0.134650 0.052320
v 0.301929 -0.122878 0.046768
v 0.369926 -0.156750 0.057327
v 0.364769 -0.190999 0.056528
v 0.335036 -0.216231 0.051911
v 0.258483 -0.233669 0.175120
v 0.302485 -0.235966 0.046857
v 0.244485 -0.265462 0.036433
v 0.195967 -0.288940 0.030314
v 0.160583 -0.307591 0.024820
v 0.132772 -0.327909 0.020500
v 0.109849 -0.357944 0.016945
v 0.095195 -0.393258 0.014667
v 0.106127 -0.421771 0.016365
v 0.143072 -0.416615 0.022102
v 0.261950 -0.371562 0.038371
v 0.213934 -0.390347 0.033105
v 0.342394 -0.345968 0.052787
v 0.399559 -0.335974 0.061929
v 0.438248 -0.335246 0.067936
v 0.475826 -0.343248 0.073774
v 0.500000 -0.368078 0.077526
v 0.482806 -0.399709 0.074859
v 0.452254 -0.419133 0.070114
v 0.404423 -0.438581 0.063535
v 0.328913 -0.458894 0.051749
v 0.253295 -0.472119 0.038279
v 0.175785 -0.481842 0.038927
v 0.089358 0.393590 -0.012474
v 0.079243 0.430842 -0.027334
v 0.080008 0.360016 -0.010767
v 0.061408 0.329122 -0.008748
v 0.070279 0.299075 -0.010829
v 0.091319 0.275508 -0.014555
v 0.117153 0.256187 -0.018890
v 0.151318 0.240882 -0.024496
v 0.180850 0.250474 -0.029268
v 0.219331 0.250341 -0.035483
v 0.275114 0.242237 -0.046498
v 0.332812 0.229051 -0.053810
v 0.367031 0.214000 -0.059339
v 0.385414 0.185705 -0.062307
v 0.363348 0.157299 -0.058744
v 0.327963 0.135147 -0.053026
v 0.274049 0.108984 -0.044031
v 0.222211 0.083313 -0.035947
v 0.187235 0.063174 -0.030299
v 0.157332 0.035587 -0.025469
v 0.162575 -0.000408 -0.026314
v 0.195674 -0.024050 -0.031661
v 0.230541 -0.044870 -0.037294
v 0.220458 -0.067515 -0.035665
v 0.140331 -0.078554 -0.046239
v 0.101225 -0.072656 -0.025040
v 0.110991 -0.093127 -0.009370
v 0.090153 -0.086928 -0.014620
v 0.169994 -0.099565 -0.026218
v 0.253967 -0.112443 -0.038707
v 0.301720 -0.123010 -0.048787
v 0.337429 -0.134844 -0.054555
v 0.369664 -0.157069 -0.059763
v 0.364514 -0.191520 -0.058933
v 0.334796 -0.216907 -0.054131
v 0.302276 -0.236764 -0.048880
v 0.247018 -0.265120 -0.041583
v 0.195828 -0.290037 -0.031688
v 0.160467 -0.308753 -0.025975
v 0.132679 -0.329067 -0.021489
v 0.109779 -0.358961 -0.017786
v 0.095133 -0.394014 -0.015423
v 0.106050 -0.422157 -0.017188
v 0.142971 -0.416822 -0.023149
v 0.176843 -0.404498 -0.055598
v 0.225453 -0.385512 -0.039309
v 0.299890 -0.358122 -0.046869
v 0.361117 -0.341780 -0.058381
v 0.399273 -0.335958 -0.064547
v 0.437940 -0.335193 -0.070793
v 0.475494 -0.343104 -0.076858
v 0.499653 -0.367654 -0.080758
v 0.482466 -0.398783 -0.077982
v 0.451938 -0.417815 -0.073052
v 0.405404 -0.436835 -0.063114
v 0.328651 -0.456711 -0.052432
v 0.252762 -0.469777 -0.041904
v 0.170820 -0.479137 -0.034325
v 0.113562 -0.486842 0.026635
v 0.111432 -0.484295 -0.018056
v 0.075916 -0.484144 -0.006745
v 0.027035 0.493884 -0.030770
v 0.059393 0.467061 -0.029623
v 0.072294 0.360019 -0.034302
v 0.073823 0.392934 -0.053181
v 0.055440 0.329276 -0.026924
v 0.055671 0.299229 -0.042742
v 0.082301 0.276488 -0.042043
v 0.105556 0.257609 -0.054235
v 0.136331 0.242589 -0.070195
v 0.162930 0.251485 -0.083896
v 0.203379 0.250764 -0.104420
v 0.295405 0.231002 -0.155060
v 0.330643 0.214417 -0.170264
v 0.347212 0.186119 -0.178796
v 0.327330 0.157695 -0.168557
v 0.295459 0.135515 -0.152142
v 0.247110 0.109324 -0.126561
v 0.200191 0.083569 -0.103084
v 0.168690 0.063379 -0.086861
v 0.141744 0.035724 -0.072986
v 0.146469 -0.000346 -0.075422
v 0.176279 -0.024023 -0.090772
v 0.207695 -0.044862 -0.106948
v 0.198608 -0.067514 -0.102269
v 0.164119 -0.074530 -0.084510
v 0.090037 -0.081265 -0.057111
v 0.093071 -0.092414 -0.061497
v 0.084748 -0.087288 -0.035680
v 0.105842 -0.091873 -0.034854
v 0.125399 -0.096928 -0.085854
v 0.169755 -0.103995 -0.117797
v 0.214760 -0.114475 -0.164708
v 0.271810 -0.123083 -0.139965
v 0.303982 -0.134951 -0.156531
v 0.333021 -0.157244 -0.171487
v 0.328380 -0.191807 -0.169098
v 0.301612 -0.217280 -0.155311
v 0.272311 -0.237203 -0.140224
v 0.224735 -0.264736 -0.116268
v 0.176426 -0.290642 -0.090846
v 0.144570 -0.309393 -0.074442
v 0.119538 -0.329703 -0.061551
v 0.098908 -0.359522 -0.050926
v 0.085713 -0.394430 -0.044131
v 0.095550 -0.422370 -0.049200
v 0.128811 -0.416936 -0.066326
v 0.212845 -0.381260 -0.111427
v 0.276388 -0.355894 -0.142142
v 0.325315 -0.341782 -0.167519
v 0.359696 -0.335951 -0.185224
v 0.394525 -0.335169 -0.203160
v 0.428350 -0.343041 -0.220580
v 0.450108 -0.367465 -0.231787
v 0.434635 -0.398371 -0.223815
v 0.407133 -0.417229 -0.209654
v 0.367232 -0.435244 -0.187895
v 0.296918 -0.455304 -0.154141
v 0.226588 -0.468582 -0.121696
v 0.169438 -0.476597 -0.087247
v 0.063531 -0.487744 -0.043680
v 0.098183 -0.483441 -0.065049
v 0.033126 -0.488804 0.015501
v 0.058798 0.431812 -0.056648
v 0.036416 0.468014 -0.056015
v 0.057764 0.360016 -0.054111
v 0.044221 0.329125 -0.042224
v 0.065338 0.275524 -0.065180
v 0.083744 0.256209 -0.083985
v 0.108127 0.240922 -0.108659
v 0.129213 0.250650 -0.129873
v 0.157263 0.250224 -0.166040
v 0.233823 0.231569 -0.235501
v 0.262182 0.214836 -0.263626
v 0.275315 0.186646 -0.276837
v 0.259549 0.158231 -0.260982
v 0.234278 0.136016 -0.235563
v 0.196392 0.109751 -0.196115
v 0.158753 0.083917 -0.159589
v 0.133776 0.063657 -0.134467
v 0.112420 0.035910 -0.112979
v 0.116164 -0.000263 -0.116751
v 0.139798 -0.023987 -0.140525
v 0.164706 -0.044850 -0.165577
v 0.157502 -0.067514 -0.158330
v 0.130162 -0.074530 -0.130827
v 0.087088 -0.078711 -0.115338
v 0.067816 -0.073557 -0.079476
v 0.072433 -0.094585 -0.084201
v 0.056374 -0.086804 -0.072357
v 0.073738 -0.086929 -0.053930
v 0.241042 -0.134943 -0.242362
v 0.215540 -0.123078 -0.216707
v 0.264066 -0.157231 -0.265522
v 0.260383 -0.191786 -0.261819
v 0.239158 -0.217253 -0.240470
v 0.215934 -0.237170 -0.217109
v 0.174581 -0.268077 -0.172024
v 0.139914 -0.290599 -0.140637
v 0.114659 -0.309348 -0.115233
v 0.094808 -0.329658 -0.095270
v 0.078456 -0.359481 -0.078816
v 0.067994 -0.394400 -0.068295
v 0.075792 -0.422355 -0.076140
v 0.102159 -0.416928 -0.102663
v 0.105664 -0.403980 -0.147003
v 0.152738 -0.390468 -0.153535
v 0.194971 -0.366839 -0.198667
v 0.248585 -0.343941 -0.252592
v 0.285213 -0.335953 -0.286794
v 0.312831 -0.335178 -0.314572
v 0.339645 -0.343063 -0.341546
v 0.356901 -0.367533 -0.358900
v 0.344625 -0.398518 -0.346557
v 0.322821 -0.417438 -0.324625
v 0.296153 -0.432720 -0.297797
v 0.262104 -0.446858 -0.264873
v 0.207580 -0.462903 -0.210511
v 0.134988 -0.474743 -0.168437
v 0.092477 -0.480821 -0.128429
v 0.041951 0.393590 -0.077302
v 0.024147 0.430770 -0.078376
v 0.037774 0.360009 -0.068523
v 0.028780 0.328717 -0.053358
v 0.032524 0.297664 -0.062462
v 0.041990 0.272921 -0.082016
v 0.053718 0.252431 -0.105632
v 0.069306 0.236413 -0.136652
v 0.082810 0.248279 -0.163334
v 0.099132 0.249261 -0.203936
v 0.151789 0.231548 -0.296457
v 0.167956 0.215350 -0.331570
v 0.176364 0.187376 -0.348187
v 0.166273 0.158987 -0.328242
v 0.150090 0.136726 -0.296272
v 0.126356 0.110363 -0.247037
v 0.101726 0.084413 -0.200709
v 0.085729 0.064054 -0.169109
v 0.072055 0.036174 -0.142084
v 0.074456 -0.000146 -0.146829
v 0.089589 -0.023936 -0.176730
v 0.105533 -0.044834 -0.208241
v 0.100923 -0.067513 -0.199130
v 0.060404 -0.074128 -0.174846
v 0.041164 -0.084153 -0.099154
v 0.050390 -0.091869 -0.099289
v 0.033675 -0.086958 -0.085016
v 0.076996 -0.099270 -0.150833
v 0.113254 -0.110651 -0.218086
v 0.138084 -0.122998 -0.272556
v 0.154421 -0.134826 -0.304824
v 0.169161 -0.157038 -0.333952
v 0.166806 -0.191470 -0.329296
v 0.153217 -0.216842 -0.302445
v 0.138339 -0.236686 -0.273058
v 0.112883 -0.266367 -0.219792
v 0.089659 -0.289931 -0.176873
v 0.073491 -0.308641 -0.144922
v 0.060775 -0.328954 -0.119808
v 0.050305 -0.358863 -0.099115
v 0.043604 -0.393941 -0.085881
v 0.048599 -0.422120 -0.095749
v 0.065485 -0.416802 -0.129109
v 0.117994 -0.371226 -0.238119
v 0.064195 -0.386969 -0.216306
v 0.156251 -0.345993 -0.309186
v 0.182703 -0.335962 -0.360711
v 0.200391 -0.335207 -0.395650
v 0.217563 -0.343141 -0.429581
v 0.228611 -0.367763 -0.451406
v 0.220751 -0.399020 -0.435882
v 0.206784 -0.418153 -0.408294
v 0.184324 -0.436458 -0.368505
v 0.143751 -0.461226 -0.277374
v 0.051062 -0.484632 -0.100613
v 0.033219 -0.488329 -0.065357
v 0.015662 -0.492704 -0.034665
v -0.010458 0.494621 -0.039502
v 0.010998 0.467061 -0.064527
v 0.014342 0.359998 -0.076098
v -0.000174 0.392898 -0.088676
v 0.010682 0.328167 -0.059207
v 0.011577 0.295750 -0.069230
v 0.014619 0.269413 -0.090861
v 0.018526 0.247339 -0.117006
v 0.023807 0.230332 -0.151358
v 0.028417 0.245026 -0.180911
v 0.034431 0.247536 -0.219429
v 0.043326 0.242370 -0.269846
v 0.052166 0.230043 -0.333010
v 0.057517 0.215752 -0.367258
v 0.060389 0.188032 -0.385666
v 0.056938 0.159681 -0.363575
v 0.051409 0.137380 -0.328161
v 0.043866 0.110982 -0.274174
v 0.034879 0.084869 -0.222309
v 0.029420 0.064418 -0.187308
v 0.024742 0.036417 -0.157373
v 0.025560 -0.000036 -0.162627
v 0.030733 -0.023888 -0.195748
v 0.036184 -0.044820 -0.230652
v 0.034609 -0.067512 -0.220557
v -0.000297 -0.078560 -0.147628
v 0.007709 -0.072561 -0.103875
v 0.025923 -0.093873 -0.108091
v 0.014241 -0.086926 -0.090139
v 0.028000 -0.099547 -0.169773
v 0.042098 -0.112364 -0.253407
v 0.047310 -0.122860 -0.301889
v 0.052892 -0.134624 -0.337632
v 0.057926 -0.156708 -0.369899
v 0.057123 -0.190929 -0.364741
v 0.052475 -0.216141 -0.334999
v 0.047395 -0.235859 -0.302449
v 0.039581 -0.265374 -0.243921
v 0.030756 -0.288792 -0.195906
v 0.025236 -0.307434 -0.160515
v 0.020889 -0.327753 -0.132699
v 0.017314 -0.357807 -0.109778
v 0.015021 -0.393157 -0.095119
v 0.016727 -0.421719 -0.106049
v 0.022502 -0.416587 -0.143003
v 0.000004 -0.404385 -0.183672
v 0.048506 -0.358098 -0.299573
v 0.056590 -0.341777 -0.361340
v 0.062558 -0.335970 -0.399537
v 0.068596 -0.335236 -0.438237
v 0.074464 -0.343221 -0.475824
v 0.078239 -0.368001 -0.500000
v 0.075560 -0.399540 -0.482801
v 0.070789 -0.418894 -0.452243
v 0.064952 -0.434569 -0.414868
v 0.051873 -0.453052 -0.353580
v 0.039743 -0.474190 -0.233868
v -0.046715 -0.467599 -0.283200
v 0.029552 -0.479255 -0.188146
v 0.017708 -0.484029 -0.134012
v 0.005177 -0.485445 -0.072832
v -0.011670 0.431812 -0.079287
v -0.023923 0.468127 -0.061713
v -0.010489 0.359987 -0.076036
v -0.008497 0.327604 -0.059161
v -0.010620 0.293791 -0.069176
v -0.014388 0.265821 -0.090792
v -0.018766 0.242124 -0.116917
v -0.024417 0.224095 -0.151242
v -0.029227 0.241598 -0.180772
v -0.035489 0.245466 -0.219263
v -0.041805 0.241325 -0.269641
v -0.053965 0.229685 -0.332756
v -0.059540 0.215673 -0.366980
v -0.062528 0.188148 -0.385373
v -0.058937 0.159842 -0.363297
v -0.053178 0.137538 -0.327914
v -0.044746 0.112851 -0.278324
v -0.035960 0.084978 -0.222139
v -0.030270 0.064506 -0.187166
v -0.025398 0.036475 -0.157253
v -0.026255 -0.000010 -0.162504
v -0.031644 -0.023876 -0.195601
v -0.037319 -0.044816 -0.230478
v -0.035674 -0.067512 -0.220391
v -0.029444 -0.074530 -0.182100
v -0.026162 -0.081294 -0.103207
v -0.029374 -0.092394 -0.107450
v -0.007493 -0.087287 -0.091529
v -0.000181 -0.091853 -0.111319
v -0.042584 -0.096839 -0.145737
v -0.059053 -0.103815 -0.197775
v -0.089666 -0.114135 -0.255222
v -0.048908 -0.122691 -0.301662
v -0.054714 -0.134376 -0.337377
v -0.059964 -0.156301 -0.369621
v -0.059130 -0.190262 -0.364467
v -0.054289 -0.215277 -0.334744
v -0.048993 -0.234841 -0.302218
v -0.038083 -0.264045 -0.244381
v -0.031667 -0.287391 -0.195759
v -0.025907 -0.305951 -0.160392
v -0.021383 -0.326275 -0.132599
v -0.017654 -0.356508 -0.109693
v -0.015276 -0.392192 -0.095046
v -0.017052 -0.421226 -0.105968
v -0.023058 -0.416323 -0.142895
v -0.039844 -0.381121 -0.236710
v -0.049549 -0.355830 -0.306708
v -0.058574 -0.341769 -0.361066
v -0.064790 -0.335971 -0.399236
v -0.071082 -0.335248 -0.437909
v -0.077197 -0.343257 -0.475465
v -0.081127 -0.368102 -0.499622
v -0.078332 -0.399762 -0.482438
v -0.073360 -0.419209 -0.451904
v -0.067276 -0.434971 -0.414552
v -0.057609 -0.452526 -0.355259
v -0.064713 -0.479319 -0.186884
v -0.052073 -0.482946 -0.144061
v -0.041751 -0.486052 -0.104810
v -0.005694 -0.494084 -0.036194
v -0.038230 0.393590 -0.077183
v -0.049055 0.432544 -0.062713
v -0.033667 0.359978 -0.068419
v -0.026394 0.327148 -0.053277
v -0.031335 0.292204 -0.062369
v -0.041457 0.262910 -0.081897
v -0.053571 0.237900 -0.105478
v -0.069422 0.219031 -0.136452
v -0.083019 0.238654 -0.163094
v -0.100746 0.243464 -0.197813
v -0.127097 0.238453 -0.254198
v -0.153008 0.228656 -0.300202
v -0.168767 0.214739 -0.331080
v -0.177237 0.187264 -0.347673
v -0.167076 0.159001 -0.327756
v -0.150777 0.136759 -0.295832
v -0.126464 0.110473 -0.247230
v -0.102074 0.084437 -0.200412
v -0.085968 0.064073 -0.168862
v -0.072194 0.036187 -0.141876
v -0.074611 -0.000140 -0.146609
v -0.089852 -0.023933 -0.176468
v -0.105911 -0.044834 -0.207932
v -0.101263 -0.067513 -0.198833
v -0.083636 -0.074530 -0.164291
v -0.082401 -0.078712 -0.118461
v -0.054258 -0.073351 -0.088989
v -0.057316 -0.094580 -0.094892
v -0.051101 -0.086789 -0.075912
v -0.028200 -0.086922 -0.086715
v -0.155139 -0.134130 -0.304372
v -0.138694 -0.122523 -0.272151
v -0.169987 -0.155897 -0.333458
v -0.167609 -0.189599 -0.328810
v -0.153927 -0.214417 -0.301998
v -0.138949 -0.233827 -0.272656
v -0.110945 -0.262841 -0.220865
v -0.089921 -0.285995 -0.176614
v -0.073638 -0.304472 -0.144706
v -0.060837 -0.324803 -0.119635
v -0.050290 -0.355214 -0.098968
v -0.043542 -0.391231 -0.085753
v -0.048576 -0.420735 -0.095610
v -0.065577 -0.416060 -0.128920
v -0.091195 -0.398445 -0.172564
v -0.127931 -0.366777 -0.246774
v -0.162521 -0.343938 -0.314599
v -0.183622 -0.335964 -0.360178
v -0.201434 -0.335235 -0.395067
v -0.218729 -0.343223 -0.428948
v -0.229847 -0.368005 -0.450742
v -0.221933 -0.399547 -0.435237
v -0.207873 -0.418904 -0.407691
v -0.181838 -0.439883 -0.360780
v -0.139497 -0.463274 -0.273730
v -0.147480 -0.472160 -0.203597
v -0.036748 -0.487762 -0.064052
v -0.029637 -0.494600 -0.024102
v -0.045765 0.467061 -0.045965
v -0.053618 0.359972 -0.053868
v -0.070966 0.393894 -0.048726
v -0.041805 0.326830 -0.042039
v -0.049170 0.291095 -0.049363
v -0.064759 0.260877 -0.064898
v -0.083536 0.234949 -0.083626
v -0.108166 0.215472 -0.108195
v -0.129336 0.236321 -0.129317
v -0.156923 0.241532 -0.156844
v -0.188841 0.238511 -0.193053
v -0.238278 0.226728 -0.238018
v -0.262807 0.212661 -0.262499
v -0.275994 0.185037 -0.275652
v -0.260166 0.156822 -0.259862
v -0.234803 0.134730 -0.234555
v -0.196940 0.108658 -0.195412
v -0.158984 0.083026 -0.158905
v -0.133915 0.062944 -0.133892
v -0.112474 0.035435 -0.112496
v -0.116234 -0.000477 -0.116249
v -0.139960 -0.024080 -0.139922
v -0.164960 -0.044879 -0.164866
v -0.157734 -0.067515 -0.157655
v -0.147264 -0.074129 -0.111531
v -0.081305 -0.084196 -0.069762
v -0.078517 -0.091825 -0.078615
v -0.070156 -0.086950 -0.058285
v -0.119268 -0.099131 -0.119893
v -0.171708 -0.110258 -0.175155
v -0.215988 -0.122372 -0.215777
v -0.241590 -0.133909 -0.241323
v -0.264699 -0.155536 -0.264383
v -0.261008 -0.189005 -0.260696
v -0.239698 -0.213650 -0.239439
v -0.216389 -0.232921 -0.216179
v -0.173770 -0.261716 -0.175622
v -0.140076 -0.284747 -0.140034
v -0.114728 -0.303152 -0.114739
v -0.094801 -0.323487 -0.094861
v -0.078386 -0.354057 -0.078480
v -0.067886 -0.390372 -0.068006
v -0.075715 -0.420296 -0.075816
v -0.102182 -0.415824 -0.102227
v -0.148144 -0.399757 -0.117202
v -0.189567 -0.371005 -0.186038
v -0.243304 -0.346880 -0.241122
v -0.285923 -0.335950 -0.285566
v -0.313649 -0.335204 -0.313224
v -0.340572 -0.343142 -0.340087
v -0.357882 -0.367767 -0.357363
v -0.345567 -0.399029 -0.345071
v -0.323678 -0.418166 -0.323235
v -0.289915 -0.436475 -0.292450
v -0.236147 -0.456607 -0.237486
v -0.168944 -0.475663 -0.126225
v -0.107046 -0.481566 -0.107076
v -0.079575 -0.484644 -0.079669
v -0.039180 0.494119 -0.009721
v -0.061493 0.468162 -0.023963
v -0.075692 0.440123 -0.022674
v -0.068125 0.359969 -0.033874
v -0.053015 0.326646 -0.026596
v -0.062141 0.290456 -0.031488
v -0.081706 0.259706 -0.041545
v -0.105324 0.233248 -0.053594
v -0.136339 0.213390 -0.069369
v -0.163015 0.234571 -0.082904
v -0.197774 0.239635 -0.100544
v -0.241150 0.235860 -0.126572
v -0.300284 0.223843 -0.152566
v -0.331191 0.209373 -0.168252
v -0.347806 0.181397 -0.176684
v -0.327863 0.153228 -0.166565
v -0.295906 0.131383 -0.150346
v -0.248106 0.105830 -0.124484
v -0.200376 0.080695 -0.101864
v -0.168782 0.061080 -0.085834
v -0.141767 0.034192 -0.072125
v -0.146507 -0.001033 -0.074530
v -0.176403 -0.024322 -0.089699
v -0.207904 -0.044954 -0.105686
v -0.198793 -0.067518 -0.101065
v -0.140269 -0.078555 -0.045243
v -0.096198 -0.072592 -0.039352
v -0.094531 -0.093849 -0.058018
v -0.081088 -0.086916 -0.041329
v -0.152568 -0.099409 -0.079063
v -0.227677 -0.111977 -0.118283
v -0.272196 -0.122257 -0.138313
v -0.304453 -0.133739 -0.154682
v -0.333577 -0.155258 -0.169461
v -0.328921 -0.188549 -0.167098
v -0.302075 -0.213058 -0.153477
v -0.272697 -0.232224 -0.138567
v -0.219586 -0.260886 -0.113083
v -0.176549 -0.283788 -0.089772
v -0.144600 -0.302135 -0.073561
v -0.119500 -0.322475 -0.060825
v -0.098816 -0.353167 -0.050324
v -0.085582 -0.389711 -0.043610
v -0.095449 -0.419959 -0.048617
v -0.128796 -0.415644 -0.065543
v -0.270443 -0.358564 -0.133938
v -0.204499 -0.385456 -0.100188
v -0.325848 -0.341738 -0.165542
v -0.360322 -0.335937 -0.183035
v -0.395251 -0.335175 -0.200759
v -0.429169 -0.343064 -0.217974
v -0.450988 -0.367535 -0.229046
v -0.435469 -0.398522 -0.221170
v -0.407890 -0.417445 -0.207175
v -0.374157 -0.432729 -0.190057
v -0.331585 -0.446852 -0.169449
v -0.262846 -0.462894 -0.134904
v -0.171832 -0.477939 -0.047150
v -0.107888 -0.483829 -0.038653
v -0.065068 -0.487940 -0.033198
v -0.088230 0.393034 -0.002332
v -0.075761 0.359967 -0.010200
v -0.058906 0.326560 -0.008308
v -0.068967 0.290155 -0.010323
v -0.090624 0.259152 -0.013891
v -0.116790 0.232446 -0.018041
v -0.151171 0.212364 -0.023396
v -0.180742 0.233209 -0.027951
v -0.219277 0.237705 -0.033885
v -0.269107 0.233105 -0.045521
v -0.332920 0.220133 -0.051386
v -0.367186 0.205054 -0.056663
v -0.385600 0.176557 -0.059501
v -0.363503 0.148439 -0.056096
v -0.328064 0.126918 -0.050640
v -0.274674 0.102031 -0.040815
v -0.222157 0.077588 -0.034329
v -0.187142 0.058594 -0.028936
v -0.157185 0.032536 -0.024322
v -0.162443 -0.001776 -0.025133
v -0.195581 -0.024646 -0.030237
v -0.230503 -0.045055 -0.035615
v -0.220404 -0.067522 -0.034059
v -0.182070 -0.074530 -0.028156
v -0.106027 -0.081264 -0.006803
v -0.111061 -0.092358 -0.005065
v -0.089149 -0.087282 -0.021060
v -0.105703 -0.091815 -0.034140
v -0.151549 -0.096761 -0.004328
v -0.206089 -0.103647 -0.004675
v -0.270173 -0.113824 0.006853
v -0.301782 -0.122182 -0.046591
v -0.337545 -0.133630 -0.052100
v -0.369826 -0.155079 -0.057069
v -0.364669 -0.188256 -0.056277
v -0.334912 -0.212679 -0.051694
v -0.302338 -0.231777 -0.046676
v -0.244092 -0.260251 -0.038889
v -0.195743 -0.283171 -0.030260
v -0.160328 -0.301483 -0.024809
v -0.132502 -0.321824 -0.020519
v -0.109563 -0.352595 -0.016991
v -0.094901 -0.389287 -0.014728
v -0.105834 -0.419742 -0.016416
v -0.142809 -0.415527 -0.022110
v -0.179221 -0.403277 -0.027716
v -0.236942 -0.381009 -0.035209
v -0.311147 -0.354360 -0.047479
v -0.361264 -0.341733 -0.055752
v -0.399482 -0.335933 -0.061636
v -0.438202 -0.335166 -0.067600
v -0.475810 -0.343041 -0.073391
v -0.500000 -0.367465 -0.077117
v -0.482790 -0.398371 -0.074469
v -0.452216 -0.417229 -0.069759
v -0.407434 -0.435255 -0.061786
v -0.329871 -0.455346 -0.052088
v -0.252816 -0.468620 -0.043653
v -0.107200 -0.484976 0.041657
v -0.172689 -0.479111 0.021002
v -0.039210 -0.494261 -0.001042
v -0.076657 -0.487716 -0.002185
v -0.064172 0.467061 0.010976
v -0.077877 0.430759 0.024303
v -0.075661 0.359966 0.014308
v -0.058829 0.326528 0.010621
v -0.068882 0.290044 0.011586
v -0.090508 0.258950 0.014736
v -0.116643 0.232152 0.018767
v -0.150970 0.211942 0.024195
v -0.180502 0.232113 0.028936
v -0.218991 0.235844 0.035121
v -0.270111 0.230301 0.039271
v -0.332488 0.216157 0.053351
v -0.366715 0.200388 0.058848
v -0.385106 0.171307 0.061806
v -0.363032 0.143237 0.058258
v -0.327647 0.122069 0.052575
v -0.273979 0.097968 0.045691
v -0.221871 0.074213 0.035584
v -0.186895 0.055894 0.029967
v -0.156985 0.030737 0.025160
v -0.162235 -0.002581 0.026002
v -0.195334 -0.024997 0.031318
v -0.230209 -0.045163 0.036924
v -0.220126 -0.067527 0.035302
v -0.181830 -0.074531 0.029152
v -0.137845 -0.078712 0.042081
v -0.101170 -0.073443 0.024392
v -0.107718 -0.094545 0.025442
v -0.087713 -0.086772 0.025434
v -0.090971 -0.086915 0.000205
v -0.337113 -0.133583 0.054092
v -0.301396 -0.122149 0.048355
v -0.369355 -0.155001 0.059273
v -0.364198 -0.188128 0.058447
v -0.334480 -0.212513 0.053671
v -0.301952 -0.231582 0.048448
v -0.248593 -0.258023 0.039935
v -0.195489 -0.282903 0.031345
v -0.160127 -0.301199 0.025662
v -0.132332 -0.321542 0.021199
v -0.109424 -0.352347 0.017520
v -0.094778 -0.389103 0.015169
v -0.105703 -0.419647 0.016921
v -0.142624 -0.415477 0.022851
v -0.171755 -0.402979 0.057207
v -0.205441 -0.391236 0.063477
v -0.273925 -0.366696 0.045892
v -0.349126 -0.343892 0.057790
v -0.398972 -0.335940 0.064029
v -0.437638 -0.335189 0.070241
v -0.475201 -0.343103 0.076275
v -0.499359 -0.367651 0.080155
v -0.482172 -0.398775 0.077395
v -0.451636 -0.417804 0.072492
v -0.404439 -0.436798 0.067349
v -0.328172 -0.456681 0.053366
v -0.252901 -0.469737 0.039560
v -0.030494 0.494361 0.026762
v -0.055494 0.468028 0.036476
v -0.076703 0.393590 0.042031
v -0.067940 0.359966 0.037796
v -0.052869 0.326521 0.028762
v -0.061979 0.290018 0.032580
v -0.081490 0.258902 0.042170
v -0.105046 0.232082 0.054042
v -0.135984 0.211797 0.069805
v -0.162582 0.231257 0.083460
v -0.197257 0.234247 0.101258
v -0.244578 0.227803 0.121171
v -0.299497 0.212595 0.153736
v -0.330326 0.196196 0.169561
v -0.346895 0.166581 0.178066
v -0.327014 0.138555 0.167858
v -0.295134 0.117703 0.151497
v -0.246300 0.094284 0.128286
v -0.199851 0.071174 0.102586
v -0.168342 0.053463 0.086417
v -0.141396 0.029118 0.072585
v -0.146129 -0.003307 0.075013
v -0.175939 -0.025313 0.090317
v -0.207363 -0.045261 0.106443
v -0.198276 -0.067531 0.101779
v -0.151217 -0.074149 0.105906
v -0.091025 -0.084140 0.056277
v -0.093874 -0.096686 0.057663
v -0.076788 -0.086945 0.049000
v -0.150553 -0.099085 0.076770
v -0.219192 -0.110121 0.109635
v -0.271485 -0.122150 0.139355
v -0.303658 -0.133584 0.155871
v -0.332704 -0.155004 0.170781
v -0.328064 -0.188132 0.168399
v -0.301288 -0.212518 0.154655
v -0.271987 -0.231587 0.139614
v -0.219145 -0.260043 0.113809
v -0.176086 -0.282910 0.090390
v -0.144230 -0.301207 0.074036
v -0.119191 -0.321550 0.061184
v -0.098553 -0.352354 0.050594
v -0.085358 -0.389108 0.043823
v -0.095202 -0.419650 0.048872
v -0.128464 -0.415478 0.065944
v -0.307712 -0.345932 0.158292
v -0.235097 -0.370940 0.123318
v -0.359380 -0.335959 0.184475
v -0.394224 -0.335242 0.202353
v -0.428049 -0.343247 0.219719
v -0.449814 -0.368074 0.230892
v -0.434334 -0.399699 0.222946
v -0.406824 -0.419120 0.208828
v -0.363433 -0.438601 0.189362
v -0.295544 -0.458867 0.152582
v -0.228009 -0.472094 0.115959
v -0.158506 -0.480848 0.079225
v -0.064898 -0.488859 0.033318
v -0.030926 -0.494058 0.023284
v -0.055926 0.431812 0.058844
v -0.052328 0.392924 0.073820
v -0.053363 0.359966 0.057760
v -0.041612 0.326528 0.044182
v -0.048946 0.290043 0.050428
v -0.064465 0.258949 0.065489
v -0.083150 0.232151 0.084024
v -0.107671 0.211838 0.108574
v -0.128742 0.230785 0.129804
v -0.156205 0.233277 0.157469
v -0.197836 0.225107 0.195180
v -0.237181 0.210339 0.239057
v -0.261603 0.193533 0.263661
v -0.274728 0.163575 0.276880
v -0.258977 0.135575 0.261013
v -0.233730 0.114925 0.235575
v -0.194701 0.091961 0.198126
v -0.158259 0.069240 0.159539
v -0.133305 0.051917 0.134398
v -0.111957 0.028087 0.112894
v -0.115701 -0.003769 0.116670
v -0.139319 -0.025514 0.140459
v -0.164204 -0.045324 0.165530
v -0.157008 -0.067534 0.158280
v -0.087288 -0.078388 0.118496
v -0.067199 -0.073815 0.079646
v -0.069777 -0.095343 0.085726
v -0.061879 -0.086768 0.067211
v -0.121878 -0.099382 0.120947
v -0.182263 -0.111905 0.180336
v -0.214999 -0.122174 0.216704
v -0.240478 -0.133619 0.242377
v -0.263486 -0.155061 0.265557
v -0.259811 -0.188227 0.261850
v -0.238602 -0.212640 0.240485
v -0.215393 -0.231732 0.217105
v -0.172890 -0.260268 0.176282
v -0.139435 -0.283109 0.140575
v -0.114196 -0.301417 0.115152
v -0.094368 -0.321759 0.095170
v -0.078023 -0.352538 0.078704
v -0.067569 -0.389244 0.068176
v -0.075367 -0.419719 0.076028
v -0.101711 -0.415515 0.102570
v -0.127661 -0.403270 0.128715
v -0.158791 -0.385128 0.164140
v -0.215100 -0.357833 0.214345
v -0.257379 -0.341749 0.259407
v -0.284618 -0.335985 0.286844
v -0.312213 -0.335312 0.314645
v -0.339012 -0.343434 0.341643
v -0.356245 -0.368627 0.359008
v -0.343984 -0.400908 0.346654
v -0.322196 -0.420841 0.324706
v -0.287483 -0.441035 0.290690
v -0.229453 -0.462939 0.232270
v -0.180194 -0.475241 0.181255
v -0.124140 -0.483741 0.123870
v -0.079205 -0.487306 0.079897
v -0.040006 -0.495417 0.063168
v -0.028810 0.467061 0.059350
v -0.026402 0.430843 0.079132
v -0.033319 0.359967 0.072226
v -0.026131 0.326560 0.055354
v -0.031026 0.290155 0.063358
v -0.041056 0.259152 0.082387
v -0.053054 0.232446 0.105748
v -0.068751 0.212185 0.136664
v -0.082223 0.230907 0.163380
v -0.099773 0.233255 0.198199
v -0.127252 0.223552 0.255349
v -0.151534 0.210045 0.300878
v -0.167145 0.193166 0.331841
v -0.175530 0.163150 0.348480
v -0.165462 0.135151 0.328509
v -0.149326 0.114530 0.296496
v -0.123067 0.090358 0.246052
v -0.101086 0.068965 0.200805
v -0.085134 0.051696 0.169163
v -0.071499 0.027940 0.142100
v -0.073893 -0.003835 0.146849
v -0.088987 -0.025544 0.176792
v -0.104892 -0.045332 0.208345
v -0.100290 -0.067534 0.199222
v -0.082826 -0.074531 0.164581
v -0.038933 -0.080896 0.098783
v -0.038809 -0.092359 0.104219
v -0.040855 -0.086916 0.081321
v -0.067639 -0.096979 0.134452
v -0.101317 -0.105412 0.190424
v -0.078378 -0.113757 0.258102
v -0.137351 -0.122213 0.272745
v -0.153642 -0.133675 0.305059
v -0.168350 -0.155152 0.334226
v -0.165995 -0.188376 0.329567
v -0.152445 -0.212835 0.302677
v -0.137605 -0.231961 0.273251
v -0.109895 -0.260565 0.221186
v -0.089056 -0.283424 0.176939
v -0.072928 -0.301751 0.144941
v -0.060250 -0.322092 0.119797
v -0.049804 -0.352831 0.099073
v -0.043125 -0.389461 0.085823
v -0.048105 -0.419831 0.095702
v -0.064944 -0.415575 0.129109
v -0.064589 -0.402007 0.175970
v -0.114342 -0.375327 0.227104
v -0.140323 -0.355351 0.278664
v -0.164443 -0.341758 0.326490
v -0.181854 -0.336009 0.361020
v -0.199488 -0.335379 0.396009
v -0.216621 -0.343616 0.429983
v -0.227638 -0.369164 0.451838
v -0.219802 -0.402081 0.436291
v -0.205873 -0.422512 0.408668
v -0.180387 -0.444925 0.361270
v -0.138153 -0.469542 0.274332
v -0.110860 -0.480174 0.211978
v -0.074595 -0.487069 0.141861
v -0.025822 -0.488768 0.110879
v 0.003772 0.493840 0.040672
v -0.003216 0.468036 0.067226
v -0.011454 0.393590 0.089097
v -0.009809 0.359969 0.079731
v -0.007972 0.326645 0.061149
v -0.010010 0.290453 0.070067
v -0.013593 0.259699 0.091151
v -0.017746 0.233239 0.117021
v -0.023097 0.213166 0.151238
v -0.027645 0.231832 0.180799
v -0.033574 0.234351 0.219329
v -0.038029 0.227618 0.269996
v -0.051054 0.211869 0.332952
v -0.056328 0.195265 0.367212
v -0.059161 0.165485 0.385627
v -0.055756 0.137458 0.363525
v -0.050305 0.116679 0.328100
v -0.045017 0.093904 0.277023
v -0.034014 0.070462 0.222213
v -0.028633 0.052893 0.187200
v -0.024024 0.028737 0.157253
v -0.024834 -0.003477 0.162507
v -0.029930 -0.025388 0.195644
v -0.035304 -0.045284 0.230560
v -0.033752 -0.067532 0.220460
v -0.002884 -0.074053 0.184131
v -0.021970 -0.078775 0.143899
v -0.007648 -0.075578 0.104481
v -0.009053 -0.096741 0.109786
v -0.003054 -0.086864 0.091425
v -0.027614 -0.086916 0.086730
v -0.006018 -0.097057 0.150049
v -0.032601 -0.105221 0.211843
v -0.051765 -0.133749 0.337578
v -0.046267 -0.122263 0.301820
v -0.056729 -0.155273 0.369853
v -0.055942 -0.188574 0.364695
v -0.051363 -0.213090 0.334941
v -0.046352 -0.232262 0.302380
v -0.036176 -0.260935 0.244311
v -0.029953 -0.283840 0.195802
v -0.024510 -0.302191 0.160396
v -0.020225 -0.322530 0.132572
v -0.016696 -0.353216 0.109639
v -0.014442 -0.389748 0.094976
v -0.016125 -0.419978 0.105914
v -0.021815 -0.415654 0.142876
v -0.044329 -0.357827 0.300581
v -0.037396 -0.385193 0.225317
v -0.055417 -0.341766 0.361290
v -0.061292 -0.336028 0.399503
v -0.067253 -0.335426 0.438218
v -0.073036 -0.343746 0.475817
v -0.076757 -0.369544 0.500000
v -0.074109 -0.402913 0.482797
v -0.069407 -0.423696 0.452228
v -0.063655 -0.440669 0.414837
v -0.053517 -0.458749 0.359703
v -0.045333 -0.476814 0.274540
v -0.032972 -0.486306 0.197956
v 0.020711 -0.489594 0.160755
v 0.028216 -0.500000 0.073700
v 0.014511 0.431812 0.081391
v 0.029675 0.392564 0.088846
v 0.014874 0.359972 0.079599
v 0.011091 0.326828 0.061049
v 0.012048 0.291087 0.069948
v 0.015237 0.260863 0.090996
v 0.019321 0.234928 0.116820
v 0.024826 0.215245 0.150979
v 0.029644 0.233703 0.180494
v 0.035921 0.236492 0.218958
v 0.046059 0.230801 0.266460
v 0.054421 0.215320 0.332385
v 0.060003 0.199219 0.366590
v 0.062998 0.169878 0.384971
v 0.059401 0.141798 0.362911
v 0.053633 0.120723 0.327544
v 0.043974 0.097801 0.278231
v 0.036385 0.073276 0.221834
v 0.030687 0.055145 0.186884
v 0.025807 0.030238 0.156987
v 0.026664 -0.002805 0.162233
v 0.032061 -0.025095 0.195312
v 0.037743 -0.045193 0.230166
v 0.036099 -0.067528 0.220086
v 0.048244 -0.078711 0.136015
v 0.017345 -0.082857 0.105115
v 0.018086 -0.091823 0.109647
v 0.023336 -0.086905 0.088220
v 0.046846 -0.120042 0.291597
v 0.033512 -0.104280 0.204326
v 0.055177 -0.133849 0.337002
v 0.060435 -0.155438 0.369227
v 0.059594 -0.188844 0.364077
v 0.054745 -0.213441 0.334373
v 0.049441 -0.232675 0.301866
v 0.041233 -0.261424 0.243562
v 0.032084 -0.284409 0.195470
v 0.026317 -0.302793 0.160125
v 0.021792 -0.323130 0.132348
v 0.018055 -0.353742 0.109454
v 0.015670 -0.390139 0.094818
v 0.017445 -0.420177 0.105732
v 0.023468 -0.415760 0.142637
v 0.042391 -0.400353 0.186332
v 0.040562 -0.370973 0.262599
v 0.055857 -0.345958 0.341346
v 0.065261 -0.336035 0.398823
v 0.071569 -0.335445 0.437472
v 0.077691 -0.343792 0.475010
v 0.081629 -0.369681 0.499151
v 0.078826 -0.403211 0.481978
v 0.073846 -0.424121 0.451460
v 0.066550 -0.444519 0.406649
v 0.052807 -0.468411 0.322417
v 0.040291 -0.482000 0.245709
v 0.046337 -0.493376 0.102250
v 0.038701 0.431812 0.073430
v 0.038299 0.359978 0.071886
v 0.029189 0.327144 0.055092
v 0.054506 0.237864 0.105238
v 0.070326 0.218824 0.136004
v 0.084030 0.236537 0.162589
v 0.101788 0.238595 0.202110
v 0.154553 0.219482 0.299422
v 0.170434 0.203930 0.330238
v 0.178974 0.175075 0.346797
v 0.168728 0.146922 0.326922
v 0.152306 0.125498 0.295060
v 0.131444 0.100929 0.246967
v 0.103224 0.076598 0.199832
v 0.086995 0.057802 0.168345
v 0.073113 0.032009 0.141413
v 0.075553 -0.002012 0.146142
v 0.090909 -0.024749 0.175939
v 0.107092 -0.045086 0.207338
v 0.102414 -0.067524 0.198257
v 0.084648 -0.074531 0.163785
v 0.041643 -0.073335 0.095671
v 0.043604 -0.092860 0.102327
v 0.078826 -0.098489 0.143316
v 0.156699 -0.133991 0.303584
v 0.171662 -0.155671 0.332613
v 0.169269 -0.189227 0.327972
v 0.155479 -0.213936 0.301214
v 0.140385 -0.233259 0.271931
v 0.114659 -0.262124 0.218997
v 0.074572 -0.303645 0.144239
v 0.061670 -0.323977 0.119218
v 0.051047 -0.354489 0.098594
v 0.044244 -0.390693 0.085406
v 0.049317 -0.420460 0.095243
v 0.066450 -0.415912 0.128483
v 0.099317 -0.390079 0.192246
v 0.124989 -0.370663 0.240412
v 0.160143 -0.343889 0.314865
v 0.185405 -0.336031 0.359275
v 0.203349 -0.335427 0.394094
v 0.220775 -0.343745 0.427906
v 0.231985 -0.369544 0.449657
v 0.224010 -0.402912 0.434183
v 0.209842 -0.423695 0.406691
v 0.192508 -0.440667 0.373065
v 0.165454 -0.458730 0.324065
v 0.095256 -0.486221 0.177645
v 0.069600 -0.489038 0.134591
v 0.063253 -0.082857 0.085900
v 0.049680 -0.086711 0.076580
v 0.065971 -0.091834 0.089606
f 1 2 3
f 4 1 3
f 5 4 6
f 7 5 8
f 9 7 8
f 10 11 12
f 13 15 10
f 16 15 14
f 17 19 16
f 20 19 21
f 21 23 20
f 24 23 22
f 25 24 26
f 27 29 25
f 28 31 29
f 30 33 31
f 32 35 33
f 36 35 34
f 37 39 40
f 38 42 39
f 41 44 42
f 43 46 44
f 45 48 46
f 47 50 48
f 51 53 54
f 53 52 55
f 56 57 58
f 57 55 58
f 59 60 56
f 61 62 63
f 64 61 65
f 64 67 68
f 68 69 70
f 70 71 72
f 73 74 75
f 76 73 77
f 76 78 79
f 79 80 81
f 81 82 83
f 83 84 85
f 84 87 85
f 88 87 86
f 90 89 88
f 91 93 94
f 92 96 93
f 97 96 95
f 98 97 99
f 100 102 98
f 101 104 102
f 105 104 103
f 106 108 105
f 109 108 107
f 109 110 111
f 4 112 113
f 7 112 5
f 114 115 11
f 11 116 114
f 10 117 116
f 15 118 117
f 16 119 118
f 120 119 20
f 20 121 120
f 23 122 121
f 24 123 122
f 25 124 123
f 29 125 124
f 31 126 125
f 33 127 126
f 35 128 127
f 40 128 36
f 40 130 129
f 39 131 130
f 42 132 131
f 44 133 132
f 46 134 133
f 134 50 135
f 53 135 54
f 53 55 137
f 138 139 57
f 139 137 57
f 56 140 138
f 60 140 56
f 62 140 141
f 61 142 143
f 142 68 144
f 144 70 145
f 145 72 146
f 72 148 146
f 149 148 74
f 150 149 73
f 150 76 151
f 151 79 152
f 152 81 153
f 153 83 154
f 154 85 155
f 85 156 155
f 89 156 87
f 94 158 90
f 94 159 157
f 93 160 159
f 161 160 96
f 162 161 97
f 163 162 98
f 102 164 163
f 165 164 104
f 105 166 165
f 108 167 166
f 109 168 167
f 169 168 111
f 112 170 171
f 115 170 7
f 172 114 173
f 114 174 173
f 116 175 174
f 117 176 175
f 118 177 176
f 178 177 120
f 178 121 179
f 122 179 121
f 122 181 180
f 123 182 181
f 124 183 182
f 125 184 183
f 126 185 184
f 127 186 185
f 129 186 128
f 129 188 187
f 130 189 188
f 131 190 189
f 132 191 190
f 191 134 192
f 134 193 192
f 136 193 135
f 194 137 195
f 136 137 194
f 196 139 138
f 197 195 137
f 140 196 138
f 140 199 198
f 200 199 143
f 200 142 201
f 201 144 202
f 202 145 203
f 203 146 204
f 204 148 205
f 205 149 206
f 149 207 206
f 207 151 208
f 208 152 209
f 209 153 210
f 210 154 211
f 211 155 212
f 155 213 212
f 214 213 156
f 215 214 158
f 216 215 157
f 217 216 159
f 218 217 160
f 219 218 161
f 220 219 162
f 221 220 162
f 163 222 221
f 223 222 164
f 224 223 165
f 167 224 166
f 168 225 167
f 168 227 226
f 228 227 169
f 230 229 228
f 231 2 1
f 1 232 231
f 171 232 113
f 170 233 234
f 233 173 235
f 236 235 174
f 237 236 174
f 175 238 237
f 176 239 238
f 239 178 240
f 240 179 241
f 180 242 241
f 181 243 242
f 182 244 243
f 183 245 244
f 184 246 245
f 185 247 246
f 187 247 186
f 187 249 248
f 188 250 249
f 189 251 250
f 251 191 252
f 252 192 253
f 192 254 253
f 255 254 193
f 193 194 255
f 194 195 256
f 257 258 259
f 259 258 196
f 258 256 195
f 259 260 257
f 198 259 196
f 260 259 198
f 261 260 198
f 262 261 199
f 199 263 262
f 263 201 264
f 264 202 265
f 265 203 266
f 266 204 267
f 267 205 268
f 268 206 269
f 206 270 269
f 270 208 271
f 271 209 272
f 272 210 273
f 273 211 274
f 274 212 275
f 275 213 276
f 277 214 215
f 277 216 278
f 278 217 279
f 280 279 218
f 281 280 219
f 282 281 220
f 283 282 221
f 221 284 283
f 285 284 222
f 223 286 285
f 225 286 224
f 226 287 225
f 226 289 288
f 290 291 229
f 292 290 230
f 293 294 232
f 234 293 171
f 295 235 296
f 297 236 237
f 297 238 298
f 298 239 299
f 239 300 299
f 241 300 240
f 241 302 301
f 303 302 242
f 243 304 303
f 244 305 304
f 245 306 305
f 246 307 306
f 248 307 247
f 248 309 308
f 249 310 309
f 250 311 310
f 251 312 311
f 252 313 312
f 313 254 314
f 314 255 315
f 256 315 194
f 316 256 317
f 318 319 320
f 257 320 258
f 320 256 258
f 319 317 320
f 257 260 318
f 263 321 322
f 264 323 321
f 265 324 323
f 324 267 325
f 325 268 326
f 326 269 327
f 327 270 328
f 328 271 329
f 329 272 330
f 272 331 330
f 273 332 331
f 274 333 332
f 275 334 333
f 335 334 276
f 276 336 335
f 337 336 277
f 338 337 278
f 279 339 338
f 340 339 280
f 341 340 281
f 282 342 341
f 342 284 343
f 344 343 285
f 285 345 344
f 346 345 286
f 347 346 287
f 288 348 347
f 349 348 289
f 350 351 293
f 295 350 234
f 352 296 353
f 354 353 236
f 355 354 297
f 355 298 356
f 356 299 357
f 358 357 299
f 301 358 300
f 301 360 359
f 303 360 302
f 303 362 361
f 304 363 362
f 305 364 363
f 306 365 364
f 308 365 307
f 308 367 366
f 309 368 367
f 310 369 368
f 311 370 369
f 312 371 370
f 371 314 372
f 315 373 372
f 316 317 374
f 375 376 319
f 376 374 319
f 318 377 375
f 377 318 260
f 261 378 377
f 322 378 262
f 322 380 379
f 321 381 380
f 323 382 381
f 324 383 382
f 325 384 383
f 326 385 384
f 328 385 327
f 328 387 386
f 329 388 387
f 330 389 388
f 331 390 389
f 332 391 390
f 333 392 391
f 335 392 334
f 393 394 336
f 337 395 393
f 338 396 395
f 397 396 339
f 398 397 340
f 399 398 342
f 399 343 400
f 401 400 344
f 402 401 345
f 403 402 346
f 404 349 291
f 405 404 290
f 406 405 292
f 407 2 231
f 231 408 407
f 351 408 294
f 350 409 410
f 409 353 411
f 411 354 412
f 412 355 413
f 413 356 414
f 414 357 415
f 416 415 357
f 359 416 358
f 418 417 359
f 418 360 419
f 361 419 360
f 361 421 420
f 362 422 421
f 363 423 422
f 364 424 423
f 366 424 365
f 366 426 425
f 367 427 426
f 368 428 427
f 369 429 428
f 429 371 430
f 371 431 430
f 373 431 372
f 432 374 433
f 373 374 432
f 434 376 375
f 435 433 374
f 377 434 375
f 436 378 437
f 437 379 438
f 438 380 439
f 380 440 439
f 381 441 440
f 382 442 441
f 383 443 442
f 384 444 443
f 386 444 385
f 386 446 445
f 387 447 446
f 388 448 447
f 389 449 448
f 390 450 449
f 450 392 451
f 394 451 335
f 453 394 393
f 454 453 395
f 455 454 396
f 456 455 397
f 457 456 398
f 458 457 399
f 458 400 459
f 460 459 401
f 461 460 402
f 402 462 461
f 463 462 403
f 463 348 465
f 466 465 349
f 467 466 405
f 468 469 408
f 410 468 351
f 470 411 471
f 471 412 472
f 472 413 473
f 473 414 474
f 474 415 475
f 476 475 415
f 416 477 476
f 417 478 477
f 478 419 479
f 479 420 480
f 480 421 481
f 421 482 481
f 422 483 482
f 423 484 483
f 424 485 484
f 425 486 485
f 426 487 486
f 427 488 487
f 488 429 489
f 489 430 490
f 430 491 490
f 492 491 431
f 431 432 492
f 432 433 493
f 494 495 496
f 496 495 434
f 495 493 433
f 496 497 494
f 436 496 434
f 497 496 436
f 498 497 436
f 499 498 437
f 437 500 499
f 500 439 501
f 439 502 501
f 440 503 502
f 441 504 503
f 442 505 504
f 443 506 505
f 445 506 444
f 445 508 507
f 446 509 508
f 447 510 509
f 448 511 510
f 449 512 511
f 512 451 513
f 514 452 394
f 514 453 515
f 515 454 516
f 517 516 455
f 518 517 456
f 519 518 457
f 520 519 458
f 520 459 521
f 522 521 460
f 523 522 461
f 523 462 524
f 464 524 462
f 463 525 464
f 526 525 465
f 527 526 466
f 467 527 466
f 292 528 406
f 529 530 468
f 470 529 410
f 531 471 532
f 532 472 533
f 533 473 534
f 534 474 535
f 535 475 536
f 475 537 536
f 476 538 537
f 538 478 539
f 539 479 540
f 540 480 541
f 541 481 542
f 542 482 543
f 543 483 544
f 544 484 545
f 545 485 546
f 546 486 547
f 547 487 548
f 548 488 549
f 549 489 550
f 489 551 550
f 551 491 552
f 552 492 553
f 493 553 432
f 554 493 555
f 556 557 558
f 494 558 495
f 558 493 495
f 557 555 558
f 494 497 556
f 500 559 560
f 501 561 559
f 502 562 561
f 503 563 562
f 504 564 563
f 505 565 564
f 507 565 506
f 507 567 566
f 508 568 567
f 509 569 568
f 510 570 569
f 511 571 570
f 571 513 572
f 452 573 572
f 574 573 514
f 575 574 515
f 516 576 575
f 577 576 517
f 578 577 518
f 519 579 578
f 520 580 579
f 581 580 521
f 523 581 522
f 583 582 524
f 525 583 464
f 585 527 467
f 586 585 528
f 292 586 528
f 530 587 469
f 588 589 529
f 588 532 590
f 590 533 591
f 591 534 592
f 592 535 593
f 593 536 594
f 536 595 594
f 537 596 595
f 538 597 596
f 539 598 597
f 598 541 599
f 599 542 600
f 600 543 601
f 601 544 602
f 602 545 603
f 545 604 603
f 604 547 605
f 605 548 606
f 606 549 607
f 607 550 608
f 550 609 608
f 609 552 610
f 553 611 610
f 554 555 612
f 613 614 557
f 614 612 557
f 556 615 613
f 615 556 497
f 498 616 615
f 560 616 499
f 560 618 617
f 559 619 618
f 561 620 619
f 562 621 620
f 563 622 621
f 564 623 622
f 566 623 565
f 566 625 624
f 567 626 625
f 568 627 626
f 569 628 627
f 570 629 628
f 629 572 630
f 631 630 573
f 573 632 631
f 574 633 632
f 575 634 633
f 635 634 576
f 636 635 577
f 637 636 578
f 579 638 637
f 639 638 580
f 640 639 581
f 582 641 640
f 584 641 583
f 584 643 642
f 527 643 526
f 585 644 527
f 645 2 407
f 645 587 646
f 587 647 646
f 648 589 588
f 588 649 648
f 649 591 650
f 650 592 651
f 651 593 652
f 652 594 653
f 594 654 653
f 595 655 654
f 596 656 655
f 656 598 657
f 657 599 658
f 658 600 659
f 659 601 660
f 660 602 661
f 661 603 662
f 603 663 662
f 663 605 664
f 664 606 665
f 665 607 666
f 666 608 667
f 667 609 668
f 668 610 669
f 611 669 610
f 670 612 671
f 611 612 670
f 672 614 613
f 673 671 612
f 615 672 613
f 674 616 675
f 675 617 676
f 676 618 677
f 618 678 677
f 619 679 678
f 620 680 679
f 621 681 680
f 622 682 681
f 624 682 623
f 624 684 683
f 625 685 684
f 626 686 685
f 627 687 686
f 628 688 687
f 688 630 689
f 690 691 632
f 692 690 633
f 693 692 634
f 694 693 635
f 695 694 636
f 696 695 636
f 637 697 696
f 698 697 638
f 699 698 639
f 700 699 640
f 701 700 641
f 641 642 701
f 702 643 703
f 704 703 644
f 586 704 585
f 705 647 589
f 705 648 706
f 648 707 706
f 649 708 707
f 708 651 709
f 709 652 710
f 710 653 711
f 653 712 711
f 654 713 712
f 655 714 713
f 714 657 715
f 715 658 716
f 716 659 717
f 717 660 718
f 718 661 719
f 719 662 720
f 662 721 720
f 721 664 722
f 722 665 723
f 723 666 724
f 724 667 725
f 725 668 726
f 726 669 727
f 728 727 669
f 669 670 728
f 670 671 729
f 730 731 732
f 732 731 672
f 731 729 671
f 732 733 730
f 674 732 672
f 733 732 674
f 734 733 674
f 735 734 675
f 675 736 735
f 736 677 737
f 737 678 738
f 678 739 738
f 679 740 739
f 680 741 740
f 681 742 741
f 683 742 682
f 683 744 743
f 684 745 744
f 685 746 745
f 686 747 746
f 687 748 747
f 748 689 749
f 750 749 631
f 751 750 691
f 751 690 752
f 752 692 753
f 754 753 693
f 755 754 694
f 756 755 695
f 757 756 696
f 696 758 757
f 759 758 697
f 699 759 698
f 761 760 700
f 762 761 701
f 762 642 702
f 703 764 702
f 704 765 766
f 292 765 586
f 767 645 646
f 768 767 647
f 769 705 706
f 706 770 769
f 707 771 770
f 708 772 771
f 772 710 773
f 773 711 774
f 711 775 774
f 712 776 775
f 713 777 776
f 777 715 778
f 778 716 779
f 779 717 780
f 780 718 781
f 781 719 782
f 782 720 783
f 720 784 783
f 784 722 785
f 785 723 786
f 786 724 787
f 787 725 788
f 788 726 789
f 789 727 790
f 790 728 791
f 729 791 670
f 792 729 793
f 794 795 796
f 730 796 731
f 796 729 731
f 795 793 796
f 730 733 794
f 736 797 798
f 737 799 797
f 738 800 799
f 739 801 800
f 740 802 801
f 741 803 802
f 742 804 803
f 743 805 804
f 744 806 805
f 745 807 806
f 746 808 807
f 747 809 808
f 748 810 809
f 750 810 749
f 812 811 750
f 812 751 813
f 814 813 752
f 753 815 814
f 816 815 754
f 817 816 755
f 756 818 817
f 818 758 819
f 820 819 759
f 820 760 821
f 760 822 821
f 761 823 822
f 762 764 823
f 824 2 645
f 824 767 825
f 826 768 705
f 827 826 769
f 769 828 827
f 770 829 828
f 771 830 829
f 772 831 830
f 773 832 831
f 774 833 832
f 775 834 833
f 776 835 834
f 835 778 836
f 836 779 837
f 837 780 838
f 838 781 839
f 839 782 840
f 840 783 841
f 783 842 841
f 842 785 843
f 843 786 844
f 844 787 845
f 845 788 846
f 846 789 847
f 847 790 848
f 791 849 848
f 792 793 850
f 851 852 795
f 852 850 795
f 794 853 851
f 853 794 733
f 734 854 853
f 798 854 735
f 798 856 855
f 797 857 856
f 857 800 858
f 858 801 859
f 859 802 860
f 860 803 861
f 861 804 862
f 862 805 863
f 863 806 864
f 864 807 865
f 865 808 866
f 808 867 866
f 809 868 867
f 811 868 810
f 813 869 870
f 814 871 869
f 872 871 815
f 873 872 816
f 874 873 818
f 874 819 875
f 876 875 820
f 877 876 821
f 821 878 877
f 822 879 878
f 823 880 879
f 881 763 766
f 881 765 882
f 292 882 765
f 883 825 768
f 884 883 826
f 826 885 884
f 827 886 885
f 828 887 886
f 829 888 887
f 830 889 888
f 831 890 889
f 832 891 890
f 891 834 892
f 834 893 892
f 893 836 894
f 894 837 895
f 895 838 896
f 896 839 897
f 897 840 898
f 898 841 899
f 841 900 899
f 900 843 901
f 901 844 902
f 902 845 903
f 903 846 904
f 904 847 905
f 847 906 905
f 849 906 848
f 907 850 908
f 849 850 907
f 909 910 851
f 910 908 850
f 851 911 909
f 911 854 912
f 912 855 913
f 913 856 914
f 914 857 915
f 915 858 916
f 916 859 917
f 859 918 917
f 918 861 919
f 861 920 919
f 920 863 921
f 921 864 922
f 922 865 923
f 923 866 924
f 924 867 925
f 925 868 926
f 868 927 926
f 812 928 927
f 929 928 870
f 930 929 869
f 931 930 871
f 932 931 872
f 933 932 873
f 934 933 874
f 934 875 935
f 936 935 876
f 937 936 877
f 937 878 938
f 938 879 939
f 939 880 940
f 880 941 940
f 942 941 881
f 943 824 825
f 944 943 883
f 945 884 885
f 885 946 945
f 886 947 946
f 887 948 947
f 888 949 948
f 889 950 949
f 950 891 951
f 951 892 952
f 952 893 953
f 953 894 954
f 954 895 955
f 955 896 956
f 956 897 957
f 957 898 958
f 958 899 959
f 959 900 960
f 960 901 961
f 961 902 962
f 962 903 963
f 963 904 964
f 964 905 965
f 905 966 965
f 967 966 906
f 906 907 967
f 907 908 968
f 969 970 909
f 970 968 908
f 909 971 969
f 971 909 911
f 972 971 911
f 973 972 912
f 912 974 973
f 974 914 975
f 975 915 976
f 976 916 977
f 977 917 978
f 978 918 979
f 979 919 980
f 919 981 980
f 981 921 982
f 982 922 983
f 983 923 984
f 984 924 985
f 985 925 986
f 986 926 987
f 988 987 927
f 988 928 989
f 989 929 990
f 990 930 991
f 992 991 931
f 993 992 932
f 994 993 933
f 994 934 995
f 995 935 996
f 997 996 936
f 997 937 998
f 998 938 999
f 999 939 1000
f 1000 940 1001
f 1002 1001 941
f 292 942 882
f 1003 2 824
f 1003 943 1004
f 1005 944 884
f 1005 945 1006
f 945 1007 1006
f 946 1008 1007
f 947 1009 1008
f 948 1010 1009
f 949 1011 1010
f 1011 951 1012
f 1012 952 1013
f 952 1014 1013
f 953 1015 1014
f 954 1016 1015
f 955 1017 1016
f 956 1018 1017
f 957 1019 1018
f 958 1020 1019
f 959 1021 1020
f 960 1022 1021
f 961 1023 1022
f 962 1024 1023
f 963 1025 1024
f 964 1026 1025
f 1026 966 1027
f 1028 1027 967
f 967 1029 1028
f 1029 968 1030
f 907 968 1029
f 1031 1032 1033
f 969 1033 970
f 1033 968 970
f 1032 1030 1033
f 969 1034 1031
f 1034 969 971
f 971 1035 1034
f 973 1035 972
f 974 1036 1037
f 975 1038 1036
f 1038 977 1039
f 1039 978 1040
f 1040 979 1041
f 1041 980 1042
f 980 1043 1042
f 1043 982 1044
f 1044 983 1045
f 1045 984 1046
f 1046 985 1047
f 1047 986 1048
f 986 1049 1048
f 988 1049 987
f 989 1050 1051
f 990 1052 1050
f 1053 1052 991
f 1054 1053 992
f 1055 1054 993
f 1055 995 1056
f 1056 996 1057
f 1058 1057 997
f 997 1059 1058
f 1060 1059 998
f 1061 1060 999
f 1062 1061 1000
f 1002 1062 1001
f 1064 1002 942
f 1065 1004 944
f 1065 1005 1066
f 1005 1067 1066
f 1006 1068 1067
f 1007 1069 1068
f 1008 1070 1069
f 1009 1071 1070
f 1010 1072 1071
f 1072 1012 1073
f 1073 1013 1074
f 1014 1074 1013
f 1014 1076 1075
f 1015 1077 1076
f 1016 1078 1077
f 1017 1079 1078
f 1018 1080 1079
f 1019 1081 1080
f 1021 1081 1020
f 1021 1083 1082
f 1022 1084 1083
f 1023 1085 1084
f 1024 1086 1085
f 1025 1087 1086
f 1026 1088 1087
f 1089 1028 1029
f 1089 1030 1090
f 1029 1030 1089
f 1091 1092 1032
f 1092 1090 1032
f 1031 1034 1091
f 1093 1094 1035
f 1037 1095 1093
f 1038 1095 1036
f 1096 1039 1097
f 1097 1040 1098
f 1098 1041 1099
f 1099 1042 1100
f 1042 1101 1100
f 1101 1044 1102
f 1102 1045 1103
f 1103 1046 1104
f 1104 1047 1105
f 1105 1048 1106
f 1048 1107 1106
f 1108 1107 1049
f 1109 1108 1051
f 1110 1109 1050
f 1111 1110 1052
f 1112 1111 1053
f 1113 1112 1054
f 1055 1114 1113
f 1114 1057 1115
f 1116 1115 1058
f 1116 1059 1117
f 1118 1117 1060
f 1119 1118 1061
f 1063 1119 1062
f 1120 1063 1002
f 6 1003 1004
f 1121 6 1065
f 1122 1066 1067
f 1067 1123 1122
f 13 1123 1068
f 14 13 1069
f 1124 14 1070
f 1071 1125 1124
f 1125 1073 1126
f 1126 1074 1127
f 26 1127 1075
f 1075 1128 26
f 1076 1129 1128
f 1077 1130 1129
f 1078 1131 1130
f 1079 1132 1131
f 1081 1132 1080
f 1081 1134 1133
f 1082 1135 1134
f 1083 1136 1135
f 1084 1137 1136
f 1085 1138 1137
f 1086 1139 1138
f 1087 1140 1139
f 1141 1140 1088
f 1088 1089 1141
f 1142 1089 1090
f 1143 1092 1091
f 1092 1142 1090
f 1034 1143 1091
f 1034 1144 1143
f 63 1144 1094
f 65 63 1093
f 1093 1145 65
f 1145 1096 1146
f 1146 1097 1147
f 1147 1098 1148
f 1148 1099 1149
f 1149 1100 1150
f 1150 1101 75
f 1101 1151 75
f 1151 1103 1152
f 1152 1104 1153
f 1153 1105 1154
f 1154 1106 1155
f 1155 1107 1156
f 1157 1109 1158
f 1158 1110 1159
f 1159 1111 1160
f 1161 1160 1112
f 1162 1161 1113
f 1162 1114 1163
f 1114 1164 1163
f 1165 1164 1115
f 1116 1166 1165
f 1167 1166 1117
f 1118 110 1167
f 1168 110 1119
f 1169 1168 1063
f 1120 1169 1063
f 3 2 1003
f 8 6 1121
f 9 8 1122
f 1122 12 9
f 13 12 1123
f 1124 18 17
f 18 1126 21
f 1126 22 21
f 26 22 1127
f 1128 28 27
f 1129 30 28
f 1130 32 30
f 1131 34 32
f 1133 34 1132
f 37 36 1133
f 1134 38 37
f 1135 41 38
f 1136 43 41
f 1137 45 43
f 1138 47 45
f 1139 49 47
f 1141 49 1140
f 51 54 1141
f 1170 1089 1142
f 51 1170 52
f 51 1089 1170
f 58 1172 59
f 1172 1171 1143
f 1171 1170 1142
f 58 52 1170
f 1172 60 59
f 1144 1172 1143
f 60 1172 1144
f 141 60 1144
f 62 141 63
f 66 65 1145
f 66 1146 67
f 67 1147 69
f 69 1148 71
f 147 71 1149
f 147 1150 74
f 77 75 1151
f 77 1152 78
f 78 1153 80
f 80 1154 82
f 82 1155 84
f 1155 86 84
f 88 86 1156
f 90 88 1157
f 92 91 1159
f 95 92 1160
f 99 95 1161
f 100 99 1162
f 1162 101 100
f 1163 103 101
f 106 103 1164
f 107 106 1165
f 110 107 1167
f 1169 111 1168
f 228 169 1169
f 230 228 1120
f 292 230 1064
f 4 3 6
f 5 6 8
f 11 9 12
f 10 12 13
f 16 14 17
f 19 18 21
f 24 22 26
f 25 26 27
f 36 34 1133
f 40 36 37
f 50 49 54
f 56 58 59
f 55 52 58
f 61 63 65
f 64 65 66
f 72 71 147
f 73 75 77
f 94 90 1158
f 94 1158 91
f 97 95 99
f 98 99 100
f 105 103 106
f 113 1 4
f 115 7 9
f 115 9 11
f 119 19 20
f 135 50 54
f 138 57 56
f 137 55 57
f 143 62 61
f 148 147 74
f 149 74 73
f 158 89 90
f 161 96 97
f 162 97 98
f 163 98 102
f 165 104 105
f 171 113 112
f 177 119 120
f 197 139 196
f 197 137 139
f 199 62 143
f 158 156 89
f 215 158 157
f 216 157 159
f 217 159 160
f 218 160 161
f 219 161 162
f 221 162 163
f 223 164 165
f 224 165 166
f 234 171 170
f 235 173 174
f 237 174 175
f 241 179 180
f 258 197 196
f 258 195 197
f 261 198 199
f 276 213 214
f 279 217 218
f 280 218 219
f 281 219 220
f 282 220 221
f 285 222 223
f 291 227 229
f 290 229 230
f 294 231 232
f 293 232 171
f 295 234 233
f 296 235 236
f 303 242 243
f 315 255 194
f 318 320 257
f 317 256 320
f 322 262 263
f 336 214 277
f 337 277 278
f 338 278 279
f 340 280 281
f 341 281 282
f 343 284 285
f 346 286 287
f 347 287 288
f 291 289 227
f 351 294 293
f 350 293 234
f 353 296 236
f 354 236 297
f 358 299 300
f 372 314 315
f 375 319 318
f 374 317 319
f 377 260 261
f 394 335 336
f 393 336 337
f 397 339 340
f 398 340 341
f 398 341 342
f 400 343 344
f 401 344 345
f 402 345 346
f 403 346 347
f 403 347 348
f 404 291 290
f 405 290 292
f 410 351 350
f 416 357 358
f 435 376 434
f 435 374 376
f 451 392 335
f 453 393 395
f 454 395 396
f 455 396 397
f 456 397 398
f 457 398 399
f 459 400 401
f 460 401 402
f 465 348 349
f 466 349 404
f 466 404 405
f 467 405 406
f 469 407 408
f 468 408 351
f 470 410 409
f 476 415 416
f 495 435 434
f 495 433 435
f 498 436 437
f 513 451 452
f 516 454 455
f 517 455 456
f 518 456 457
f 519 457 458
f 521 459 460
f 522 460 461
f 526 465 466
f 528 467 406
f 530 469 468
f 529 468 410
f 553 492 432
f 556 558 494
f 555 493 558
f 560 499 500
f 572 513 452
f 574 514 515
f 575 515 516
f 577 517 518
f 578 518 519
f 581 521 522
f 582 523 524
f 583 524 464
f 585 467 528
f 587 407 469
f 589 530 529
f 588 529 531
f 610 552 553
f 613 557 556
f 612 555 557
f 615 497 498
f 630 572 573
f 635 576 577
f 636 577 578
f 637 578 579
f 639 580 581
f 640 581 582
f 643 525 526
f 647 530 589
f 673 614 672
f 673 612 614
f 689 630 631
f 691 631 632
f 690 632 633
f 692 633 634
f 693 634 635
f 694 635 636
f 696 636 637
f 698 638 639
f 699 639 640
f 700 640 641
f 703 643 644
f 704 644 585
f 731 673 672
f 731 671 673
f 734 674 675
f 749 689 631
f 750 631 691
f 753 692 693
f 754 693 694
f 755 694 695
f 756 695 696
f 759 697 698
f 760 699 700
f 761 700 701
f 766 703 704
f 767 646 647
f 768 647 705
f 791 728 670
f 794 796 730
f 793 729 796
f 798 735 736
f 813 751 752
f 814 752 753
f 816 754 755
f 817 755 756
f 819 758 759
f 763 703 766
f 825 767 768
f 826 705 769
f 848 790 791
f 851 795 794
f 850 793 795
f 853 733 734
f 870 812 813
f 872 815 816
f 873 816 817
f 873 817 818
f 875 819 820
f 876 820 821
f 880 764 763
f 883 768 826
f 910 852 851
f 910 850 852
f 927 811 812
f 929 870 869
f 930 869 871
f 931 871 872
f 932 872 873
f 933 873 874
f 935 875 876
f 936 876 877
f 941 763 881
f 942 881 882
f 943 825 883
f 944 883 884
f 970 910 909
f 970 908 910
f 972 911 912
f 987 926 927
f 991 930 931
f 992 931 932
f 993 932 933
f 996 935 936
f 1001 940 941
f 1002 941 942
f 1004 943 944
f 1027 966 967
f 1031 1033 969
f 1030 968 1033
f 1037 973 974
f 1051 988 989
f 1053 991 992
f 1054 992 993
f 1055 993 994
f 1057 996 997
f 1060 998 999
f 1061 999 1000
f 1062 1000 1001
f 1064 942 292
f 1088 1027 1028
f 1091 1032 1031
f 1090 1030 1032
f 1094 1034 1035
f 1037 1035 973
f 1051 1049 988
f 1109 1051 1050
f 1110 1050 1052
f 1111 1052 1053
f 1112 1053 1054
f 1113 1054 1055
f 1115 1057 1058
f 1117 1059 1060
f 1118 1060 1061
f 1119 1061 1062
f 1120 1002 1064
f 6 1004 1065
f 1121 1065 1066
f 13 1068 1069
f 14 1069 1070
f 1124 1070 1071
f 1127 1074 1075
f 1171 1092 1143
f 1171 1142 1092
f 63 1094 1093
f 1156 1107 1108
f 1160 1111 1112
f 1161 1112 1113
f 1165 1115 1116
f 1167 1117 1118
f 1168 1119 1063
f 3 1003 6
f 8 1121 1066
f 8 1066 1122
f 17 14 1124
f 27 26 1128
f 37 1133 1134
f 58 1170 1171
f 141 1144 63
f 71 1148 1149
f 74 1150 75
f 1157 1156 1108
f 90 1157 1158
f 91 1158 1159
f 92 1159 1160
f 95 1160 1161
f 99 1161 1162
f 106 1164 1165
f 107 1165 1166
f 107 1166 1167
f 111 110 1168
f 228 1169 1120
f 230 1120 1064
f 13 14 15
f 17 18 19
f 21 22 23
f 27 28 29
f 28 30 31
f 30 32 33
f 32 34 35
f 37 38 39
f 38 41 42
f 41 43 44
f 43 45 46
f 45 47 48
f 47 49 50
f 51 52 53
f 64 66 67
f 68 67 69
f 70 69 71
f 76 77 78
f 79 78 80
f 81 80 82
f 83 82 84
f 84 86 87
f 88 89 87
f 91 92 93
f 92 95 96
f 100 101 102
f 101 103 104
f 106 107 108
f 109 107 110
f 4 5 112
f 11 10 116
f 10 15 117
f 15 16 118
f 16 19 119
f 20 23 121
f 23 24 122
f 24 25 123
f 25 29 124
f 29 31 125
f 31 33 126
f 33 35 127
f 35 36 128
f 40 129 128
f 40 39 130
f 39 42 131
f 42 44 132
f 44 46 133
f 46 48 134
f 134 48 50
f 53 136 135
f 60 141 140
f 61 64 142
f 142 64 68
f 144 68 70
f 145 70 72
f 72 147 148
f 150 73 76
f 151 76 79
f 152 79 81
f 153 81 83
f 154 83 85
f 85 87 156
f 94 157 158
f 94 93 159
f 93 96 160
f 102 104 164
f 105 108 166
f 108 109 167
f 109 111 168
f 112 7 170
f 115 172 170
f 172 115 114
f 114 116 174
f 116 117 175
f 117 118 176
f 118 119 177
f 178 120 121
f 122 180 179
f 122 123 181
f 123 124 182
f 124 125 183
f 125 126 184
f 126 127 185
f 127 128 186
f 129 187 186
f 129 130 188
f 130 131 189
f 131 132 190
f 132 133 191
f 191 133 134
f 134 135 193
f 136 53 137
f 140 198 196
f 140 62 199
f 200 143 142
f 201 142 144
f 202 144 145
f 203 145 146
f 204 146 148
f 205 148 149
f 149 150 207
f 207 150 151
f 208 151 152
f 209 152 153
f 210 153 154
f 211 154 155
f 155 156 213
f 163 164 222
f 167 225 224
f 168 226 225
f 168 169 227
f 228 229 227
f 1 113 232
f 170 172 233
f 233 172 173
f 175 176 238
f 176 177 239
f 239 177 178
f 240 178 179
f 180 181 242
f 181 182 243
f 182 183 244
f 183 184 245
f 184 185 246
f 185 186 247
f 187 248 247
f 187 188 249
f 188 189 250
f 189 190 251
f 251 190 191
f 252 191 192
f 192 193 254
f 193 136 194
f 199 200 263
f 263 200 201
f 264 201 202
f 265 202 203
f 266 203 204
f 267 204 205
f 268 205 206
f 206 207 270
f 270 207 208
f 271 208 209
f 272 209 210
f 273 210 211
f 274 211 212
f 275 212 213
f 277 215 216
f 278 216 217
f 221 222 284
f 223 224 286
f 225 287 286
f 226 288 287
f 226 227 289
f 295 233 235
f 297 237 238
f 298 238 239
f 239 240 300
f 241 301 300
f 241 242 302
f 243 244 304
f 244 245 305
f 245 246 306
f 246 247 307
f 248 308 307
f 248 249 309
f 249 250 310
f 250 251 311
f 251 252 312
f 252 253 313
f 313 253 254
f 314 254 255
f 256 316 315
f 263 264 321
f 264 265 323
f 265 266 324
f 324 266 267
f 325 267 268
f 326 268 269
f 327 269 270
f 328 270 271
f 329 271 272
f 272 273 331
f 273 274 332
f 274 275 333
f 275 276 334
f 276 214 336
f 279 280 339
f 282 283 342
f 342 283 284
f 285 286 345
f 288 289 348
f 295 352 350
f 352 295 296
f 355 297 298
f 356 298 299
f 301 359 358
f 301 302 360
f 303 361 360
f 303 304 362
f 304 305 363
f 305 306 364
f 306 307 365
f 308 366 365
f 308 309 367
f 309 310 368
f 310 311 369
f 311 312 370
f 312 313 371
f 371 313 314
f 315 316 373
f 261 262 378
f 322 379 378
f 322 321 380
f 321 323 381
f 323 324 382
f 324 325 383
f 325 326 384
f 326 327 385
f 328 386 385
f 328 329 387
f 329 330 388
f 330 331 389
f 331 332 390
f 332 333 391
f 333 334 392
f 337 338 395
f 338 339 396
f 399 342 343
f 231 294 408
f 350 352 409
f 409 352 353
f 411 353 354
f 412 354 355
f 413 355 356
f 414 356 357
f 359 417 416
f 418 359 360
f 361 420 419
f 361 362 421
f 362 363 422
f 363 364 423
f 364 365 424
f 366 425 424
f 366 367 426
f 367 368 427
f 368 369 428
f 369 370 429
f 429 370 371
f 371 372 431
f 373 316 374
f 377 436 434
f 436 377 378
f 437 378 379
f 438 379 380
f 380 381 440
f 381 382 441
f 382 383 442
f 383 384 443
f 384 385 444
f 386 445 444
f 386 387 446
f 387 388 447
f 388 389 448
f 389 390 449
f 390 391 450
f 450 391 392
f 394 452 451
f 458 399 400
f 402 403 462
f 463 464 462
f 463 403 348
f 470 409 411
f 471 411 412
f 472 412 413
f 473 413 414
f 474 414 415
f 416 417 477
f 417 418 478
f 478 418 419
f 479 419 420
f 480 420 421
f 421 422 482
f 422 423 483
f 423 424 484
f 424 425 485
f 425 426 486
f 426 427 487
f 427 428 488
f 488 428 429
f 489 429 430
f 430 431 491
f 431 373 432
f 437 438 500
f 500 438 439
f 439 440 502
f 440 441 503
f 441 442 504
f 442 443 505
f 443 444 506
f 445 507 506
f 445 446 508
f 446 447 509
f 447 448 510
f 448 449 511
f 449 450 512
f 512 450 451
f 514 394 453
f 515 453 454
f 520 458 459
f 523 461 462
f 463 465 525
f 470 531 529
f 531 470 471
f 532 471 472
f 533 472 473
f 534 473 474
f 535 474 475
f 475 476 537
f 476 477 538
f 538 477 478
f 539 478 479
f 540 479 480
f 541 480 481
f 542 481 482
f 543 482 483
f 544 483 484
f 545 484 485
f 546 485 486
f 547 486 487
f 548 487 488
f 549 488 489
f 489 490 551
f 551 490 491
f 552 491 492
f 493 554 553
f 500 501 559
f 501 502 561
f 502 503 562
f 503 504 563
f 504 505 564
f 505 506 565
f 507 566 565
f 507 508 567
f 508 509 568
f 509 510 569
f 510 511 570
f 511 512 571
f 571 512 513
f 452 514 573
f 516 517 576
f 519 520 579
f 520 521 580
f 523 582 581
f 525 584 583
f 588 531 532
f 590 532 533
f 591 533 534
f 592 534 535
f 593 535 536
f 536 537 595
f 537 538 596
f 538 539 597
f 539 540 598
f 598 540 541
f 599 541 542
f 600 542 543
f 601 543 544
f 602 544 545
f 545 546 604
f 604 546 547
f 605 547 548
f 606 548 549
f 607 549 550
f 550 551 609
f 609 551 552
f 553 554 611
f 498 499 616
f 560 617 616
f 560 559 618
f 559 561 619
f 561 562 620
f 562 563 621
f 563 564 622
f 564 565 623
f 566 624 623
f 566 567 625
f 567 568 626
f 568 569 627
f 569 570 628
f 570 571 629
f 629 571 572
f 573 574 632
f 574 575 633
f 575 576 634
f 579 580 638
f 582 583 641
f 584 525 643
f 527 644 643
f 645 407 587
f 587 530 647
f 588 590 649
f 649 590 591
f 650 591 592
f 651 592 593
f 652 593 594
f 594 595 654
f 595 596 655
f 596 597 656
f 656 597 598
f 657 598 599
f 658 599 600
f 659 600 601
f 660 601 602
f 661 602 603
f 603 604 663
f 663 604 605
f 664 605 606
f 665 606 607
f 666 607 608
f 667 608 609
f 668 609 610
f 611 554 612
f 615 674 672
f 674 615 616
f 675 616 617
f 676 617 618
f 618 619 678
f 619 620 679
f 620 621 680
f 621 622 681
f 622 623 682
f 624 683 682
f 624 625 684
f 625 626 685
f 626 627 686
f 627 628 687
f 628 629 688
f 688 629 630
f 637 638 697
f 641 584 642
f 702 642 643
f 705 589 648
f 648 649 707
f 649 650 708
f 708 650 651
f 709 651 652
f 710 652 653
f 653 654 712
f 654 655 713
f 655 656 714
f 714 656 657
f 715 657 658
f 716 658 659
f 717 659 660
f 718 660 661
f 719 661 662
f 662 663 721
f 721 663 664
f 722 664 665
f 723 665 666
f 724 666 667
f 725 667 668
f 726 668 669
f 669 611 670
f 675 676 736
f 736 676 677
f 737 677 678
f 678 679 739
f 679 680 740
f 680 681 741
f 681 682 742
f 683 743 742
f 683 684 744
f 684 685 745
f 685 686 746
f 686 687 747
f 687 688 748
f 748 688 689
f 751 691 690
f 752 690 692
f 696 697 758
f 699 760 759
f 762 701 642
f 703 763 764
f 704 586 765
f 706 707 770
f 707 708 771
f 708 709 772
f 772 709 710
f 773 710 711
f 711 712 775
f 712 713 776
f 713 714 777
f 777 714 715
f 778 715 716
f 779 716 717
f 780 717 718
f 781 718 719
f 782 719 720
f 720 721 784
f 784 721 722
f 785 722 723
f 786 723 724
f 787 724 725
f 788 725 726
f 789 726 727
f 790 727 728
f 729 792 791
f 736 737 797
f 737 738 799
f 738 739 800
f 739 740 801
f 740 741 802
f 741 742 803
f 742 743 804
f 743 744 805
f 744 745 806
f 745 746 807
f 746 747 808
f 747 748 809
f 748 749 810
f 750 811 810
f 812 750 751
f 753 754 815
f 756 757 818
f 818 757 758
f 820 759 760
f 760 761 822
f 761 762 823
f 762 702 764
f 824 645 767
f 769 770 828
f 770 771 829
f 771 772 830
f 772 773 831
f 773 774 832
f 774 775 833
f 775 776 834
f 776 777 835
f 835 777 778
f 836 778 779
f 837 779 780
f 838 780 781
f 839 781 782
f 840 782 783
f 783 784 842
f 842 784 785
f 843 785 786
f 844 786 787
f 845 787 788
f 846 788 789
f 847 789 790
f 791 792 849
f 734 735 854
f 798 855 854
f 798 797 856
f 797 799 857
f 857 799 800
f 858 800 801
f 859 801 802
f 860 802 803
f 861 803 804
f 862 804 805
f 863 805 806
f 864 806 807
f 865 807 808
f 808 809 867
f 809 810 868
f 813 814 869
f 814 815 871
f 874 818 819
f 821 822 878
f 822 823 879
f 823 764 880
f 881 766 765
f 826 827 885
f 827 828 886
f 828 829 887
f 829 830 888
f 830 831 889
f 831 832 890
f 832 833 891
f 891 833 834
f 834 835 893
f 893 835 836
f 894 836 837
f 895 837 838
f 896 838 839
f 897 839 840
f 898 840 841
f 841 842 900
f 900 842 843
f 901 843 844
f 902 844 845
f 903 845 846
f 904 846 847
f 847 848 906
f 849 792 850
f 851 853 911
f 911 853 854
f 912 854 855
f 913 855 856
f 914 856 857
f 915 857 858
f 916 858 859
f 859 860 918
f 918 860 861
f 861 862 920
f 920 862 863
f 921 863 864
f 922 864 865
f 923 865 866
f 924 866 867
f 925 867 868
f 868 811 927
f 812 870 928
f 934 874 875
f 937 877 878
f 938 878 879
f 939 879 880
f 880 763 941
f 885 886 946
f 886 887 947
f 887 888 948
f 888 889 949
f 889 890 950
f 950 890 891
f 951 891 892
f 952 892 893
f 953 893 894
f 954 894 895
f 955 895 896
f 956 896 897
f 957 897 898
f 958 898 899
f 959 899 900
f 960 900 901
f 961 901 902
f 962 902 903
f 963 903 904
f 964 904 905
f 905 906 966
f 906 849 907
f 912 913 974
f 974 913 914
f 975 914 915
f 976 915 916
f 977 916 917
f 978 917 918
f 979 918 919
f 919 920 981
f 981 920 921
f 982 921 922
f 983 922 923
f 984 923 924
f 985 924 925
f 986 925 926
f 988 927 928
f 989 928 929
f 990 929 930
f 994 933 934
f 995 934 935
f 997 936 937
f 998 937 938
f 999 938 939
f 1000 939 940
f 1003 824 943
f 1005 884 945
f 945 946 1007
f 946 947 1008
f 947 948 1009
f 948 949 1010
f 949 950 1011
f 1011 950 951
f 1012 951 952
f 952 953 1014
f 953 954 1015
f 954 955 1016
f 955 956 1017
f 956 957 1018
f 957 958 1019
f 958 959 1020
f 959 960 1021
f 960 961 1022
f 961 962 1023
f 962 963 1024
f 963 964 1025
f 964 965 1026
f 1026 965 966
f 967 907 1029
f 971 972 1035
f 974 975 1036
f 975 976 1038
f 1038 976 977
f 1039 977 978
f 1040 978 979
f 1041 979 980
f 980 981 1043
f 1043 981 982
f 1044 982 983
f 1045 983 984
f 1046 984 985
f 1047 985 986
f 986 987 1049
f 989 990 1050
f 990 991 1052
f 1055 994 995
f 1056 995 996
f 997 998 1059
f 1002 1063 1062
f 1065 944 1005
f 1005 1006 1067
f 1006 1007 1068
f 1007 1008 1069
f 1008 1009 1070
f 1009 1010 1071
f 1010 1011 1072
f 1072 1011 1012
f 1073 1012 1013
f 1014 1075 1074
f 1014 1015 1076
f 1015 1016 1077
f 1016 1017 1078
f 1017 1018 1079
f 1018 1019 1080
f 1019 1020 1081
f 1021 1082 1081
f 1021 1022 1083
f 1022 1023 1084
f 1023 1024 1085
f 1024 1025 1086
f 1025 1026 1087
f 1026 1027 1088
f 1037 1036 1095
f 1038 1096 1095
f 1096 1038 1039
f 1097 1039 1040
f 1098 1040 1041
f 1099 1041 1042
f 1042 1043 1101
f 1101 1043 1044
f 1102 1044 1045
f 1103 1045 1046
f 1104 1046 1047
f 1105 1047 1048
f 1048 1049 1107
f 1055 1056 1114
f 1114 1056 1057
f 1116 1058 1059
f 1067 1068 1123
f 1071 1072 1125
f 1125 1072 1073
f 1126 1073 1074
f 1075 1076 1128
f 1076 1077 1129
f 1077 1078 1130
f 1078 1079 1131
f 1079 1080 1132
f 1081 1133 1132
f 1081 1082 1134
f 1082 1083 1135
f 1083 1084 1136
f 1084 1085 1137
f 1085 1086 1138
f 1086 1087 1139
f 1087 1088 1140
f 1088 1028 1089
f 1034 1094 1144
f 1093 1095 1145
f 1145 1095 1096
f 1146 1096 1097
f 1147 1097 1098
f 1148 1098 1099
f 1149 1099 1100
f 1150 1100 1101
f 1101 1102 1151
f 1151 1102 1103
f 1152 1103 1104
f 1153 1104 1105
f 1154 1105 1106
f 1155 1106 1107
f 1157 1108 1109
f 1158 1109 1110
f 1159 1110 1111
f 1162 1113 1114
f 1114 1115 1164
f 1116 1117 1166
f 1118 1119 110
f 1122 1123 12
f 1124 1125 18
f 18 1125 1126
f 1126 1127 22
f 1128 1129 28
f 1129 1130 30
f 1130 1131 32
f 1131 1132 34
f 1134 1135 38
f 1135 1136 41
f 1136 1137 43
f 1137 1138 45
f 1138 1139 47
f 1139 1140 49
f 1141 54 49
f 51 1141 1089
f 58 1171 1172
f 66 1145 1146
f 67 1146 1147
f 69 1147 1148
f 147 1149 1150
f 77 1151 1152
f 78 1152 1153
f 80 1153 1154
f 82 1154 1155
f 1155 1156 86
f 1162 1163 101
f 1163 1164 103
f 1169 169 111
f 158 214 156
f 291 349 289
f 1037 1093 1035
f 1051 1108 1049
f 1157 88 1156
