# OBJ created with rayvertex
v 0.049260 0.482816 -0.023812
v 0.025228 0.499994 -0.005748
v 0.052416 0.480210 0.004185
v 0.065084 0.392244 -0.017176
v 0.067221 0.392244 -0.000002
v 0.080081 0.360882 -0.000002
v 0.077551 0.360882 -0.020368
v 0.100071 0.332757 -0.000002
v 0.096923 0.332757 -0.025329
v 0.131664 0.287411 -0.036128
v 0.128593 0.296948 -0.001546
v 0.164260 0.256458 -0.000002
v 0.159129 0.256458 -0.041270
v 0.187011 0.232160 -0.000002
v 0.181179 0.232161 -0.046916
v 0.209246 0.205408 -0.000002
v 0.202734 0.205408 -0.052439
v 0.214970 0.175035 -0.000002
v 0.208274 0.175035 -0.053860
v 0.197457 0.149542 -0.000002
v 0.191301 0.149542 -0.049512
v 0.206561 0.117882 -0.000002
v 0.200127 0.117882 -0.051773
v 0.225393 0.089290 -0.000002
v 0.218380 0.089290 -0.056449
v 0.247520 0.063748 -0.000002
v 0.248083 0.055756 -0.063285
v 0.297482 0.021023 -0.034353
v 0.283518 0.021146 -0.096939
v 0.272231 0.040711 -0.000002
v 0.318227 0.007906 -0.040365
v 0.316723 0.002766 -0.040176
v 0.309293 0.002766 -0.079742
v 0.310759 0.007906 -0.080116
v 0.320719 0.007906 -0.000002
v 0.319199 0.002766 -0.000002
v 0.279969 -0.012350 -0.072201
v 0.288949 -0.012350 -0.000002
v 0.264408 -0.035398 -0.000002
v 0.256191 -0.035398 -0.065927
v 0.259925 -0.066723 -0.000002
v 0.251848 -0.066723 -0.064198
v 0.281651 -0.091390 -0.000002
v 0.272902 -0.091390 -0.068750
v 0.310497 -0.108945 -0.000002
v 0.300853 -0.108945 -0.075151
v 0.340933 -0.123520 -0.000002
v 0.330348 -0.123520 -0.082045
v 0.372811 -0.137713 -0.000002
v 0.361246 -0.137713 -0.089375
v 0.403393 -0.152317 -0.000002
v 0.390887 -0.152317 -0.096527
v 0.432216 -0.169951 -0.000002
v 0.418823 -0.169951 -0.103463
v 0.452676 -0.196002 -0.000002
v 0.438650 -0.196002 -0.108848
v 0.444051 -0.225745 -0.000002
v 0.430287 -0.225745 -0.107704
v 0.419178 -0.248740 -0.000002
v 0.406186 -0.248740 -0.102443
v 0.391767 -0.266765 -0.000002
v 0.379623 -0.266765 -0.096307
v 0.360961 -0.283877 -0.000002
v 0.349766 -0.283877 -0.089209
v 0.300313 -0.312283 -0.071026
v 0.320380 -0.303585 0.034519
v 0.301609 -0.318465 -0.035882
v 0.273751 -0.316061 -0.089922
v 0.288355 -0.319282 -0.033587
v 0.281334 -0.320193 -0.057928
v 0.280601 -0.320782 -0.056156
v 0.284096 -0.320939 -0.041551
v 0.276705 -0.322985 -0.076472
v 0.277107 -0.320795 -0.071446
v 0.285284 -0.315909 0.035612
v 0.287167 -0.319372 -0.000283
v 0.286102 -0.321723 -0.022922
v 0.285377 -0.320808 -0.020399
v 0.283279 -0.320776 -0.040138
v 0.287028 -0.320018 -0.047163
v 0.286689 -0.314051 -0.009638
v 0.285886 -0.320648 0.006676
v 0.278457 -0.319871 -0.084329
v 0.355792 -0.301987 -0.092783
v 0.369092 -0.300988 -0.000002
v 0.403154 -0.295576 -0.000002
v 0.390656 -0.295576 -0.100586
v 0.435696 -0.293444 -0.000002
v 0.422194 -0.293444 -0.108667
v 0.470799 -0.297026 -0.000002
v 0.456218 -0.297026 -0.117382
v 0.499167 -0.313666 -0.000002
v 0.483706 -0.313666 -0.124427
v 0.500000 -0.345269 -0.000002
v 0.484508 -0.345269 -0.124635
v 0.481607 -0.371774 -0.000002
v 0.466687 -0.371774 -0.120067
v 0.456434 -0.393988 -0.000002
v 0.442292 -0.393988 -0.113816
v 0.428498 -0.412371 -0.000002
v 0.415220 -0.412371 -0.106879
v 0.382123 -0.435608 -0.004581
v 0.377509 -0.432521 -0.096635
v 0.318899 -0.456586 -0.067213
v 0.130314 -0.485606 -0.057847
v 0.174598 -0.483227 -0.014957
v 0.163156 -0.483444 0.068658
v 0.099855 -0.487185 0.038667
v 0.021540 0.499883 -0.014884
v -0.001944 0.490196 -0.000002
v 0.072012 0.454088 -0.013374
v 0.073701 0.422673 -0.010104
v 0.066765 0.422547 -0.037665
v 0.064790 0.453946 -0.036587
v 0.058680 0.392244 -0.033236
v 0.069952 0.360882 -0.039414
v 0.087472 0.332757 -0.049019
v 0.112839 0.294913 -0.063027
v 0.143738 0.256458 -0.079862
v 0.163681 0.232161 -0.090796
v 0.183169 0.205408 -0.101480
v 0.188184 0.175035 -0.104230
v 0.172831 0.149542 -0.095814
v 0.180816 0.117882 -0.100189
v 0.197318 0.089290 -0.109237
v 0.216714 0.063749 -0.119870
v 0.238377 0.040711 -0.131744
v 0.244233 0.020495 -0.173097
v 0.280879 0.007906 -0.155042
v 0.298315 0.007906 -0.118572
v 0.296903 0.002766 -0.118014
v 0.279545 0.002766 -0.154314
v 0.253028 -0.012350 -0.139725
v 0.231526 -0.035398 -0.127577
v 0.227592 -0.066723 -0.124230
v 0.246632 -0.091390 -0.133042
v 0.271914 -0.108945 -0.145432
v 0.298593 -0.123520 -0.158770
v 0.326536 -0.137713 -0.172955
v 0.353338 -0.152317 -0.186797
v 0.378613 -0.169951 -0.200219
v 0.396542 -0.196002 -0.210641
v 0.388981 -0.225745 -0.208423
v 0.367179 -0.248740 -0.198243
v 0.343155 -0.266765 -0.186373
v 0.316152 -0.283877 -0.172635
v 0.263559 -0.313937 -0.145140
v 0.277932 -0.317189 -0.121003
v 0.253977 -0.320257 -0.140256
v 0.262425 -0.320257 -0.123984
v 0.266961 -0.320870 -0.106144
v 0.258776 -0.320795 -0.122220
v 0.266722 -0.320761 -0.104006
v 0.250436 -0.320795 -0.138257
v 0.272192 -0.320806 -0.088855
v 0.269453 -0.318483 -0.107014
v 0.299843 -0.310797 -0.141438
v 0.323281 -0.300988 -0.178285
v 0.353130 -0.295576 -0.194654
v 0.381652 -0.293444 -0.210291
v 0.412427 -0.297026 -0.227160
v 0.437293 -0.313666 -0.240786
v 0.438018 -0.345269 -0.241187
v 0.421901 -0.371774 -0.232352
v 0.399829 -0.393988 -0.220254
v 0.366639 -0.417536 -0.204814
v 0.312804 -0.445356 -0.172658
v 0.251007 -0.466165 -0.133840
v 0.190637 -0.478464 -0.101141
v 0.231048 -0.476179 -0.052928
v 0.128778 -0.483102 -0.125959
v 0.093158 -0.487135 -0.052135
v 0.058163 -0.487640 -0.032951
v 0.066634 -0.485492 -0.014402
v 0.014982 -0.484887 0.027725
v 0.028831 -0.487107 -0.016871
v 0.053557 0.453946 -0.052004
v 0.035998 0.482135 -0.040496
v 0.055201 0.422547 -0.053541
v 0.048473 0.392244 -0.047244
v 0.057847 0.360882 -0.056025
v 0.072420 0.332757 -0.069678
v 0.092225 0.296692 -0.089509
v 0.119220 0.256458 -0.113527
v 0.135807 0.232161 -0.129064
v 0.152016 0.205408 -0.144258
v 0.156182 0.175035 -0.148163
v 0.143421 0.149542 -0.136200
v 0.150056 0.117882 -0.142421
v 0.163781 0.089290 -0.155281
v 0.179913 0.063749 -0.170394
v 0.197928 0.040711 -0.187274
v 0.259007 0.007906 -0.189119
v 0.257781 0.002766 -0.188230
v 0.232167 0.002766 -0.219357
v 0.233278 0.007906 -0.220393
v 0.210117 -0.012350 -0.198621
v 0.192226 -0.035398 -0.181355
v 0.188955 -0.066723 -0.176594
v 0.204802 -0.091390 -0.189119
v 0.225825 -0.108945 -0.206736
v 0.248013 -0.123520 -0.225696
v 0.271251 -0.137713 -0.245855
v 0.293547 -0.152317 -0.265532
v 0.314563 -0.169951 -0.284612
v 0.329476 -0.196002 -0.299425
v 0.323188 -0.225745 -0.296274
v 0.305050 -0.248740 -0.281808
v 0.285076 -0.266765 -0.264931
v 0.248268 -0.291025 -0.240509
v 0.242644 -0.313310 -0.176772
v 0.218527 -0.313310 -0.206004
v 0.207957 -0.320795 -0.196537
v 0.230925 -0.320795 -0.168649
v 0.243747 -0.317167 -0.178043
v 0.219514 -0.317167 -0.207487
v 0.244194 -0.308369 -0.230626
v 0.268543 -0.300988 -0.253438
v 0.293370 -0.295576 -0.276701
v 0.317093 -0.293444 -0.298928
v 0.342684 -0.297026 -0.322911
v 0.363368 -0.313666 -0.342283
v 0.363970 -0.345269 -0.342850
v 0.350561 -0.371774 -0.330290
v 0.332215 -0.393988 -0.313093
v 0.311847 -0.412371 -0.294013
v 0.279899 -0.434689 -0.263595
v 0.233355 -0.457835 -0.215301
v 0.178131 -0.469651 -0.203978
v 0.137489 -0.479444 -0.158870
v 0.092973 -0.485791 -0.106275
v 0.073123 -0.487252 -0.078571
v 0.043898 -0.487756 -0.050198
v 0.016904 -0.487099 -0.029585
v 0.012822 0.499956 -0.023207
v 0.029888 0.453988 -0.068638
v 0.040087 0.422547 -0.066054
v 0.035142 0.392244 -0.058282
v 0.042039 0.360882 -0.069120
v 0.052755 0.332757 -0.085962
v 0.070754 0.287061 -0.117452
v 0.087179 0.256458 -0.140056
v 0.099377 0.232161 -0.159228
v 0.111304 0.205408 -0.177969
v 0.114367 0.175035 -0.182788
v 0.104978 0.149542 -0.168029
v 0.109861 0.117882 -0.175705
v 0.119960 0.089290 -0.191573
v 0.136856 0.055644 -0.217004
v 0.189873 0.021076 -0.231304
v 0.136547 0.020910 -0.266934
v 0.171072 0.007906 -0.271898
v 0.203891 0.007906 -0.248204
v 0.202927 0.002766 -0.247041
v 0.170262 0.002766 -0.270620
v 0.154037 -0.012350 -0.245035
v 0.140883 -0.035398 -0.223736
v 0.138476 -0.066723 -0.217866
v 0.150126 -0.091390 -0.233315
v 0.165594 -0.108945 -0.255048
v 0.181911 -0.123520 -0.278438
v 0.199008 -0.137713 -0.303311
v 0.215410 -0.152317 -0.327586
v 0.230863 -0.169951 -0.351123
v 0.241834 -0.196002 -0.369401
v 0.237212 -0.225745 -0.365515
v 0.223873 -0.248740 -0.347664
v 0.209176 -0.266765 -0.326843
v 0.181217 -0.290976 -0.293828
v 0.190984 -0.313310 -0.232001
v 0.160225 -0.313309 -0.254147
v 0.152456 -0.320795 -0.242466
v 0.181742 -0.320795 -0.221337
v 0.191848 -0.317167 -0.233669
v 0.160958 -0.317167 -0.255976
v 0.179103 -0.308369 -0.284520
v 0.197017 -0.300988 -0.312662
v 0.215279 -0.295576 -0.341367
v 0.232730 -0.293444 -0.368789
v 0.251555 -0.297026 -0.398372
v 0.266761 -0.313666 -0.422274
v 0.267208 -0.345269 -0.422975
v 0.257349 -0.371774 -0.407477
v 0.243847 -0.393988 -0.386263
v 0.228873 -0.412371 -0.362723
v 0.208220 -0.432253 -0.330344
v 0.177668 -0.454629 -0.277109
v 0.088969 -0.474078 -0.230145
v 0.001103 0.499945 -0.027605
v 0.011449 0.479893 -0.053641
v 0.019426 0.392244 -0.065615
v 0.014890 0.422652 -0.075182
v 0.023400 0.360882 -0.077813
v 0.029579 0.332757 -0.096777
v 0.037487 0.296881 -0.123348
v 0.049414 0.256458 -0.157672
v 0.056450 0.232161 -0.179256
v 0.063317 0.205408 -0.200354
v 0.065084 0.175035 -0.205777
v 0.059675 0.149542 -0.189166
v 0.062491 0.117882 -0.197804
v 0.068308 0.089290 -0.215667
v 0.075144 0.063749 -0.236658
v 0.082782 0.040711 -0.260101
v 0.067105 0.020920 -0.292299
v 0.097764 0.007906 -0.306099
v 0.135483 0.007906 -0.291267
v 0.134835 0.002766 -0.289896
v 0.097294 0.002766 -0.304663
v 0.087951 -0.012350 -0.275858
v 0.080367 -0.035398 -0.251879
v 0.078978 -0.066723 -0.245269
v 0.085690 -0.091390 -0.262663
v 0.094609 -0.108945 -0.287131
v 0.104013 -0.123520 -0.313463
v 0.113865 -0.137713 -0.341463
v 0.123308 -0.152317 -0.368793
v 0.132219 -0.169951 -0.395291
v 0.138546 -0.196002 -0.415865
v 0.135876 -0.225745 -0.411490
v 0.128192 -0.248740 -0.391397
v 0.119721 -0.266765 -0.367957
v 0.100881 -0.291066 -0.329589
v 0.126865 -0.313309 -0.272249
v 0.091507 -0.313309 -0.286114
v 0.087033 -0.320795 -0.272965
v 0.120693 -0.320795 -0.259735
v 0.127444 -0.317167 -0.274209
v 0.091932 -0.317167 -0.288175
v 0.108311 -0.303944 -0.338532
v 0.123239 -0.295576 -0.384307
v 0.133292 -0.293444 -0.415176
v 0.144147 -0.297026 -0.448483
v 0.152911 -0.313666 -0.475389
v 0.153165 -0.345269 -0.476179
v 0.147480 -0.371774 -0.458732
v 0.139703 -0.393988 -0.434849
v 0.131070 -0.412371 -0.408351
v 0.118070 -0.435696 -0.363543
v 0.100549 -0.457850 -0.301558
v 0.062977 -0.479388 -0.199314
v 0.052863 -0.482999 -0.168252
v 0.042054 -0.485648 -0.135080
v 0.031585 -0.487135 -0.102932
v 0.015152 -0.487492 -0.068280
v 0.000278 -0.487097 -0.034981
v 0.002831 0.453946 -0.075841
v 0.002399 0.392244 -0.068897
v 0.003202 0.360882 -0.081706
v 0.004459 0.332757 -0.101618
v 0.004914 0.287358 -0.137926
v 0.008486 0.256458 -0.165560
v 0.009914 0.232161 -0.188222
v 0.011310 0.205408 -0.210375
v 0.011665 0.175035 -0.216072
v 0.010570 0.149542 -0.198629
v 0.011140 0.117882 -0.207702
v 0.012321 0.089290 -0.226459
v 0.013710 0.063749 -0.248497
v 0.015260 0.040711 -0.273112
v -0.004752 0.021138 -0.300919
v 0.058510 0.007906 -0.316213
v 0.058225 0.002766 -0.314726
v 0.018207 0.002766 -0.319903
v 0.018300 0.007906 -0.321412
v 0.016309 -0.012350 -0.289657
v 0.014766 -0.035398 -0.264477
v 0.014489 -0.066723 -0.257540
v 0.015854 -0.091390 -0.275804
v 0.017660 -0.108945 -0.301493
v 0.019573 -0.123520 -0.329146
v 0.021571 -0.137713 -0.358548
v 0.023492 -0.152317 -0.387241
v 0.025297 -0.169951 -0.415068
v 0.026578 -0.196002 -0.436671
v 0.026038 -0.225745 -0.432076
v 0.024480 -0.248740 -0.410978
v 0.022759 -0.266765 -0.386367
v 0.019758 -0.291724 -0.343181
v 0.054715 -0.313309 -0.295569
v 0.017035 -0.313309 -0.300430
v 0.016124 -0.320795 -0.286622
v 0.052007 -0.320795 -0.281981
v 0.054977 -0.317167 -0.297691
v 0.017120 -0.317167 -0.302590
v 0.019241 -0.308369 -0.336333
v 0.021340 -0.300988 -0.369602
v 0.023477 -0.295576 -0.403529
v 0.025513 -0.293444 -0.435947
v 0.027720 -0.297026 -0.470918
v 0.029494 -0.313666 -0.499172
v 0.029548 -0.345269 -0.500000
v 0.028399 -0.371774 -0.481683
v 0.026817 -0.393988 -0.456602
v 0.025066 -0.412371 -0.428779
v 0.021872 -0.432213 -0.390619
v 0.021108 -0.454573 -0.329343
v 0.016672 -0.471303 -0.261449
v -0.020884 -0.479450 -0.210568
v -0.033066 -0.483075 -0.178790
v -0.016117 -0.485792 -0.141608
v -0.021849 -0.487162 -0.110538
v -0.014782 -0.487640 -0.067202
v -0.012066 0.499799 -0.025930
v -0.012290 0.480936 -0.054169
v -0.016201 0.453946 -0.074616
v -0.016626 0.422547 -0.076819
v -0.014898 0.392244 -0.067783
v -0.017305 0.360882 -0.080385
v -0.021046 0.332757 -0.099974
v -0.026578 0.297132 -0.126872
v -0.033066 0.256458 -0.162883
v -0.037333 0.232161 -0.185179
v -0.041491 0.205408 -0.206975
v -0.042564 0.175035 -0.212578
v -0.039285 0.149542 -0.195416
v -0.040990 0.117882 -0.204340
v -0.044515 0.089290 -0.222792
v -0.048658 0.063749 -0.244480
v -0.053287 0.040711 -0.268694
v -0.090651 0.020493 -0.287127
v -0.062368 0.007906 -0.316213
v -0.022211 0.007906 -0.321486
v -0.022111 0.002766 -0.319976
v -0.062082 0.002766 -0.314726
v -0.056420 -0.012350 -0.284974
v -0.051822 -0.035398 -0.260202
v -0.050988 -0.066723 -0.253373
v -0.055054 -0.091390 -0.271344
v -0.060455 -0.108945 -0.296617
v -0.066156 -0.123520 -0.323820
v -0.072127 -0.137713 -0.352748
v -0.077852 -0.152317 -0.380975
v -0.083252 -0.169951 -0.408351
v -0.087079 -0.196002 -0.429607
v -0.085467 -0.225745 -0.425089
v -0.080807 -0.248740 -0.404330
v -0.075676 -0.266765 -0.380116
v -0.062545 -0.291108 -0.339722
v -0.020938 -0.313309 -0.300495
v -0.058580 -0.313309 -0.295569
v -0.020028 -0.320795 -0.286688
v -0.021023 -0.317167 -0.302660
v -0.058834 -0.317167 -0.297695
v -0.055864 -0.320795 -0.281985
v -0.068841 -0.303935 -0.349736
v -0.077806 -0.295576 -0.397005
v -0.083900 -0.293444 -0.428895
v -0.090474 -0.297026 -0.463300
v -0.095789 -0.313666 -0.491099
v -0.095943 -0.345269 -0.491912
v -0.092503 -0.371774 -0.473891
v -0.087789 -0.393988 -0.449219
v -0.082558 -0.412371 -0.421843
v -0.072760 -0.435660 -0.376349
v -0.058032 -0.457854 -0.313517
v -0.050510 -0.471199 -0.257317
v -0.022520 -0.487035 -0.029539
v -0.042942 -0.487648 -0.059973
v -0.025490 0.480936 -0.049894
v -0.034378 0.453946 -0.068727
v -0.035335 0.422547 -0.070753
v -0.031408 0.392244 -0.062430
v -0.036885 0.360882 -0.074038
v -0.045395 0.332757 -0.092082
v -0.060323 0.289206 -0.123614
v -0.072745 0.256458 -0.150023
v -0.082435 0.232161 -0.170559
v -0.091909 0.205408 -0.190637
v -0.094339 0.175035 -0.195798
v -0.086878 0.149542 -0.179991
v -0.090759 0.117882 -0.188210
v -0.098783 0.089290 -0.205207
v -0.108210 0.063749 -0.225180
v -0.118734 0.040711 -0.247484
v -0.101614 0.007906 -0.306003
v -0.101151 0.002766 -0.304562
v -0.138738 0.002766 -0.289885
v -0.139387 0.007906 -0.291252
v -0.125854 -0.012350 -0.262478
v -0.115401 -0.035398 -0.239658
v -0.113495 -0.066723 -0.233372
v -0.122745 -0.091390 -0.249922
v -0.135035 -0.108945 -0.273200
v -0.147996 -0.123520 -0.298258
v -0.161582 -0.137713 -0.324902
v -0.174605 -0.152317 -0.350903
v -0.186888 -0.169951 -0.376115
v -0.195598 -0.196002 -0.395695
v -0.191926 -0.225745 -0.391532
v -0.181333 -0.248740 -0.372409
v -0.169652 -0.266765 -0.350110
v -0.146777 -0.290968 -0.313910
v -0.095365 -0.313309 -0.286022
v -0.130769 -0.313309 -0.272237
v -0.124597 -0.320795 -0.259724
v -0.090890 -0.320795 -0.272877
v -0.095789 -0.317167 -0.288078
v -0.131347 -0.317167 -0.274194
v -0.150920 -0.303592 -0.324802
v -0.174505 -0.295576 -0.365662
v -0.188369 -0.293444 -0.395037
v -0.203321 -0.297026 -0.426726
v -0.215402 -0.313666 -0.452331
v -0.215757 -0.345269 -0.453082
v -0.207926 -0.371774 -0.436482
v -0.197203 -0.393988 -0.413755
v -0.185298 -0.412371 -0.388543
v -0.167137 -0.432155 -0.354712
v -0.140953 -0.454554 -0.299297
v -0.119713 -0.468202 -0.249556
v -0.096954 -0.478603 -0.194742
v -0.074897 -0.485603 -0.124211
v -0.020638 0.499999 -0.020526
v -0.044384 0.479876 -0.035547
v -0.050495 0.453946 -0.058555
v -0.059853 0.422652 -0.050953
v -0.046051 0.392244 -0.053194
v -0.054252 0.360882 -0.063085
v -0.066997 0.332757 -0.078460
v -0.091646 0.286956 -0.105273
v -0.107940 0.256458 -0.127827
v -0.122444 0.232161 -0.145325
v -0.136632 0.205408 -0.162429
v -0.140274 0.175035 -0.166827
v -0.129110 0.149542 -0.153359
v -0.134912 0.117882 -0.160364
v -0.146924 0.089290 -0.174846
v -0.165957 0.055647 -0.198732
v -0.163203 0.021076 -0.253450
v -0.213643 0.020910 -0.213873
v -0.174983 0.007906 -0.271972
v -0.174173 0.002766 -0.270693
v -0.206746 0.002766 -0.246995
v -0.207718 0.007906 -0.248158
v -0.187459 -0.012350 -0.223644
v -0.171805 -0.035398 -0.204202
v -0.168943 -0.066723 -0.198844
v -0.182806 -0.091390 -0.212944
v -0.201199 -0.108945 -0.232779
v -0.220610 -0.123520 -0.254128
v -0.240939 -0.137713 -0.276828
v -0.260442 -0.152317 -0.298986
v -0.278827 -0.169951 -0.320469
v -0.291873 -0.196002 -0.337149
v -0.286372 -0.225745 -0.333602
v -0.270510 -0.248740 -0.317311
v -0.253028 -0.266765 -0.298308
v -0.220309 -0.291005 -0.269310
v -0.164136 -0.313309 -0.254213
v -0.194811 -0.313310 -0.231959
v -0.156359 -0.320795 -0.242531
v -0.164861 -0.317167 -0.256042
v -0.195683 -0.317167 -0.233627
v -0.185568 -0.320795 -0.221298
v -0.217269 -0.308369 -0.259678
v -0.238570 -0.300988 -0.285367
v -0.260288 -0.295576 -0.311560
v -0.281041 -0.293444 -0.336591
v -0.303430 -0.297026 -0.363590
v -0.321522 -0.313666 -0.385404
v -0.322054 -0.345269 -0.386044
v -0.310320 -0.371774 -0.371901
v -0.294265 -0.393988 -0.352540
v -0.272084 -0.417538 -0.323716
v -0.231326 -0.444751 -0.277957
v -0.189503 -0.463285 -0.232252
v -0.157254 -0.474449 -0.187305
v -0.134055 -0.483158 -0.119235
v -0.167569 -0.479045 -0.135503
v -0.088144 -0.486994 -0.069359
v -0.068139 0.453988 -0.036864
v -0.057893 0.392244 -0.040554
v -0.068301 0.360882 -0.048091
v -0.084471 0.332757 -0.059811
v -0.107362 0.296879 -0.075525
v -0.136401 0.256458 -0.097447
v -0.154809 0.232161 -0.110785
v -0.172800 0.205408 -0.123826
v -0.177429 0.175035 -0.127177
v -0.163257 0.149542 -0.116912
v -0.170624 0.117882 -0.122251
v -0.185862 0.089290 -0.133289
v -0.203760 0.063749 -0.146264
v -0.223750 0.040711 -0.160753
v -0.259300 0.020919 -0.155827
v -0.262980 0.007906 -0.189181
v -0.237182 0.007906 -0.220378
v -0.236078 0.002766 -0.219342
v -0.261754 0.002766 -0.188291
v -0.237274 -0.012350 -0.170490
v -0.217431 -0.035398 -0.155670
v -0.213797 -0.066723 -0.151587
v -0.231380 -0.091390 -0.162336
v -0.254710 -0.108945 -0.177457
v -0.279328 -0.123520 -0.193733
v -0.305127 -0.137713 -0.211038
v -0.329862 -0.152317 -0.227926
v -0.353184 -0.169951 -0.244303
v -0.369740 -0.196002 -0.257020
v -0.362758 -0.225745 -0.254317
v -0.342638 -0.248740 -0.241896
v -0.320465 -0.266765 -0.227410
v -0.279583 -0.291722 -0.206289
v -0.222423 -0.313310 -0.205989
v -0.246609 -0.313310 -0.176829
v -0.211861 -0.320795 -0.196522
v -0.223418 -0.317167 -0.207471
v -0.247713 -0.317167 -0.178100
v -0.234883 -0.320795 -0.168703
v -0.286673 -0.310642 -0.166846
v -0.302119 -0.300988 -0.217543
v -0.329669 -0.295576 -0.237513
v -0.356000 -0.293444 -0.256593
v -0.384399 -0.297026 -0.277179
v -0.407351 -0.313666 -0.293809
v -0.408022 -0.345269 -0.294294
v -0.393140 -0.371774 -0.283514
v -0.372772 -0.393988 -0.268752
v -0.338950 -0.420603 -0.243355
v -0.283757 -0.448146 -0.208326
v -0.229868 -0.466293 -0.171977
v -0.217192 -0.474918 -0.110823
v -0.124828 -0.485553 -0.074473
v -0.061866 -0.487440 -0.037426
v -0.034594 -0.487098 -0.012916
v -0.027566 0.499956 -0.010116
v -0.057168 0.482005 -0.010070
v -0.074866 0.422547 -0.028795
v -0.066287 0.392244 -0.025406
v -0.078253 0.360882 -0.030132
v -0.103373 0.326942 -0.039876
v -0.135645 0.281488 -0.052790
v -0.156575 0.256458 -0.061055
v -0.177738 0.232161 -0.069413
v -0.198429 0.205408 -0.077582
v -0.203753 0.175035 -0.079681
v -0.187459 0.149542 -0.073249
v -0.195930 0.117882 -0.076596
v -0.213450 0.089290 -0.083513
v -0.234034 0.063749 -0.091639
v -0.257024 0.040711 -0.100717
v -0.290585 0.021125 -0.088381
v -0.284752 0.007906 -0.155065
v -0.283425 0.002766 -0.154337
v -0.300722 0.002766 -0.117972
v -0.302134 0.007906 -0.118530
v -0.272578 -0.012350 -0.106818
v -0.249749 -0.035398 -0.097532
v -0.245575 -0.066723 -0.094975
v -0.265789 -0.091390 -0.101711
v -0.292629 -0.108945 -0.111182
v -0.320943 -0.123520 -0.121380
v -0.350599 -0.137713 -0.132222
v -0.379052 -0.152317 -0.142802
v -0.405870 -0.169951 -0.153066
v -0.424910 -0.196002 -0.161031
v -0.416879 -0.225745 -0.159336
v -0.393742 -0.248740 -0.151556
v -0.368244 -0.266765 -0.142482
v -0.332585 -0.289835 -0.120514
v -0.267015 -0.313310 -0.144943
v -0.289034 -0.312800 -0.102412
v -0.254317 -0.320795 -0.138280
v -0.257850 -0.320257 -0.140279
v -0.266213 -0.320257 -0.124026
v -0.262564 -0.320795 -0.122258
v -0.270788 -0.320870 -0.106105
v -0.274723 -0.311334 -0.098006
v -0.273319 -0.320848 -0.097447
v -0.280871 -0.317204 -0.123117
v -0.273280 -0.318483 -0.106976
v -0.347143 -0.300988 -0.136301
v -0.378829 -0.295576 -0.148810
v -0.409110 -0.293444 -0.160765
v -0.441767 -0.297026 -0.173660
v -0.468160 -0.313666 -0.184082
v -0.468932 -0.345269 -0.184386
v -0.451820 -0.371774 -0.177630
v -0.428397 -0.393988 -0.168383
v -0.395400 -0.417420 -0.153578
v -0.337947 -0.444559 -0.132973
v -0.278873 -0.463219 -0.113030
v -0.209909 -0.479250 -0.046366
v -0.173487 -0.483213 -0.043096
v -0.113163 -0.487103 -0.015743
v -0.029757 0.499827 0.001604
v -0.056960 0.483017 0.012015
v -0.079719 0.422547 -0.009812
v -0.077489 0.453946 -0.009530
v -0.070569 0.392244 -0.008660
v -0.083329 0.360882 -0.010270
v -0.106690 0.329751 -0.014437
v -0.144540 0.281488 -0.017988
v -0.166860 0.256458 -0.020807
v -0.189434 0.232161 -0.023654
v -0.211498 0.205408 -0.026438
v -0.217177 0.175035 -0.027155
v -0.199802 0.149542 -0.024959
v -0.208837 0.117882 -0.026103
v -0.227522 0.089290 -0.028456
v -0.249472 0.063749 -0.031229
v -0.273997 0.040711 -0.034322
v -0.303222 0.020430 0.002729
v -0.322108 0.007906 -0.040392
v -0.314725 0.007906 -0.080120
v -0.313251 0.002766 -0.079742
v -0.320604 0.002766 -0.040199
v -0.290585 -0.012350 -0.036402
v -0.266236 -0.035398 -0.033236
v -0.261785 -0.066723 -0.032366
v -0.283348 -0.091390 -0.034661
v -0.311963 -0.108945 -0.037889
v -0.342167 -0.123520 -0.041363
v -0.373798 -0.137713 -0.045056
v -0.404141 -0.152317 -0.048661
v -0.432749 -0.169951 -0.052158
v -0.453047 -0.196002 -0.054873
v -0.444483 -0.225745 -0.054296
v -0.419803 -0.248740 -0.051646
v -0.392608 -0.266765 -0.048553
v -0.362041 -0.283877 -0.044975
v -0.309795 -0.311251 -0.028483
v -0.304572 -0.317035 -0.039279
v -0.292429 -0.319620 -0.031333
v -0.283564 -0.320007 -0.069501
v -0.286858 -0.321274 -0.048934
v -0.285994 -0.320769 -0.048357
v -0.282955 -0.320732 -0.063624
v -0.289119 -0.320778 -0.032520
v -0.288208 -0.320928 -0.031464
v -0.278009 -0.325327 -0.084822
v -0.278688 -0.320795 -0.080120
v -0.279552 -0.318483 -0.089791
v -0.285493 -0.318443 -0.069031
v -0.295715 -0.323418 -0.028610
v -0.324052 -0.310668 -0.069093
v -0.370111 -0.300988 -0.046446
v -0.403902 -0.295576 -0.050710
v -0.436197 -0.293444 -0.054785
v -0.471030 -0.297026 -0.059179
v -0.499174 -0.313666 -0.062727
v -0.500000 -0.345269 -0.062834
v -0.481754 -0.371774 -0.060531
v -0.456773 -0.393988 -0.057381
v -0.414703 -0.420432 -0.054288
v -0.349303 -0.448198 -0.047764
v -0.284096 -0.466473 -0.040380
v -0.243600 -0.474449 -0.030486
v -0.143229 -0.485648 -0.017823
v -0.069983 -0.487640 -0.008583
v -0.036461 -0.487040 0.010351
v -0.071819 -0.487747 0.020237
v -0.077489 0.453946 0.009530
v -0.079719 0.422547 0.009812
v -0.070569 0.392244 0.008656
v -0.083329 0.360882 0.010266
v -0.103165 0.332757 0.012769
v -0.130429 0.297594 0.017114
v -0.166860 0.256458 0.020804
v -0.189434 0.232160 0.023650
v -0.211498 0.205408 0.026434
v -0.217177 0.175035 0.027151
v -0.199802 0.149542 0.024959
v -0.208837 0.117882 0.026099
v -0.227522 0.089290 0.028456
v -0.249472 0.063748 0.031226
v -0.273997 0.040711 0.034318
v -0.324500 0.007906 -0.000002
v -0.322980 0.002766 -0.000002
v -0.320604 0.002766 0.040199
v -0.322108 0.007906 0.040388
v -0.290585 -0.012350 0.036398
v -0.266236 -0.035398 0.033232
v -0.261785 -0.066723 0.032362
v -0.283348 -0.091390 0.034657
v -0.311963 -0.108945 0.037885
v -0.342167 -0.123520 0.041359
v -0.373798 -0.137713 0.045056
v -0.404141 -0.152317 0.048661
v -0.432749 -0.169951 0.052158
v -0.453047 -0.196002 0.054873
v -0.444483 -0.225745 0.054296
v -0.419803 -0.248740 0.051642
v -0.392608 -0.266765 0.048549
v -0.362041 -0.283877 0.044971
v -0.299117 -0.313142 0.066509
v -0.318629 -0.303942 0.081664
v -0.303206 -0.317168 0.045726
v -0.290500 -0.315681 0.027128
v -0.290245 -0.322170 0.015851
v -0.289551 -0.320750 0.012596
v -0.291210 -0.319463 -0.003603
v -0.288586 -0.320795 0.027012
v -0.289844 -0.320890 -0.007990
v -0.293593 -0.319190 0.015554
v -0.292992 -0.323727 0.049924
v -0.286982 -0.320767 0.041378
v -0.331605 -0.310324 0.013752
v -0.370111 -0.300988 0.046443
v -0.403902 -0.295576 0.050706
v -0.436197 -0.293444 0.054781
v -0.471030 -0.297026 0.059175
v -0.499174 -0.313666 0.062727
v -0.500000 -0.345269 0.062831
v -0.481754 -0.371774 0.060527
v -0.456773 -0.393988 0.057377
v -0.429053 -0.412371 0.053880
v -0.382277 -0.435678 0.050926
v -0.316299 -0.458411 0.044066
v -0.250428 -0.471935 0.082288
v -0.207109 -0.479222 0.062607
v -0.179219 -0.482973 0.035424
v -0.139109 -0.485791 0.035639
v -0.027288 0.500000 0.011394
v -0.068224 0.453866 0.037253
v -0.074866 0.422547 0.028791
v -0.066287 0.392244 0.025406
v -0.078253 0.360882 0.030128
v -0.096854 0.332757 0.037473
v -0.129974 0.287073 0.052374
v -0.156575 0.256458 0.061051
v -0.177738 0.232160 0.069409
v -0.198429 0.205408 0.077578
v -0.203753 0.175035 0.079681
v -0.187459 0.149542 0.073249
v -0.195930 0.117882 0.076592
v -0.213450 0.089290 0.083509
v -0.234034 0.063748 0.091635
v -0.257024 0.040711 0.100713
v -0.289728 0.021138 0.090307
v -0.302134 0.007906 0.118526
v -0.314725 0.007906 0.080120
v -0.313251 0.002766 0.079742
v -0.300722 0.002766 0.117968
v -0.272578 -0.012350 0.106818
v -0.249749 -0.035398 0.097532
v -0.245575 -0.066723 0.094971
v -0.265789 -0.091390 0.101707
v -0.292629 -0.108945 0.111182
v -0.320943 -0.123520 0.121376
v -0.350599 -0.137713 0.132218
v -0.379052 -0.152317 0.142802
v -0.405870 -0.169951 0.153062
v -0.424910 -0.196002 0.161031
v -0.416879 -0.225745 0.159336
v -0.393742 -0.248740 0.151556
v -0.368244 -0.266765 0.142478
v -0.339575 -0.283877 0.131975
v -0.282607 -0.319369 0.070761
v -0.281836 -0.317197 0.121280
v -0.274684 -0.311532 0.098052
v -0.321182 -0.310408 0.081287
v -0.277215 -0.321759 0.088208
v -0.279714 -0.320773 0.076599
v -0.273257 -0.320766 0.097536
v -0.270788 -0.320870 0.106101
v -0.285879 -0.323037 0.053437
v -0.283765 -0.320817 0.059876
v -0.281080 -0.317002 0.081864
v -0.273280 -0.318483 0.106972
v -0.285871 -0.310616 0.168160
v -0.347143 -0.300988 0.136297
v -0.378829 -0.295576 0.148810
v -0.409110 -0.293444 0.160761
v -0.441767 -0.297026 0.173660
v -0.468160 -0.313666 0.184078
v -0.468932 -0.345269 0.184386
v -0.451820 -0.371774 0.177627
v -0.428397 -0.393988 0.168379
v -0.402413 -0.412371 0.158119
v -0.366932 -0.432254 0.143256
v -0.308476 -0.454860 0.122547
v -0.094655 -0.487008 0.060566
v -0.044932 0.480295 0.035543
v -0.057893 0.392244 0.040550
v -0.059845 0.422658 0.050937
v -0.068301 0.360882 0.048087
v -0.084471 0.332757 0.059811
v -0.106528 0.296885 0.076665
v -0.136401 0.256458 0.097447
v -0.154809 0.232160 0.110785
v -0.172800 0.205408 0.123826
v -0.177429 0.175035 0.127177
v -0.163257 0.149542 0.116909
v -0.170624 0.117882 0.122251
v -0.185862 0.089290 0.133289
v -0.203760 0.063748 0.146260
v -0.223750 0.040711 0.160750
v -0.259308 0.020919 0.155816
v -0.262980 0.007906 0.189177
v -0.284752 0.007906 0.155065
v -0.283425 0.002766 0.154333
v -0.261754 0.002766 0.188287
v -0.237274 -0.012350 0.170490
v -0.217431 -0.035398 0.155666
v -0.213797 -0.066723 0.151583
v -0.231380 -0.091390 0.162333
v -0.254710 -0.108945 0.177453
v -0.279328 -0.123520 0.193729
v -0.305127 -0.137713 0.211034
v -0.329862 -0.152317 0.227923
v -0.353184 -0.169951 0.244303
v -0.369740 -0.196002 0.257016
v -0.362758 -0.225745 0.254313
v -0.342638 -0.248740 0.241896
v -0.320465 -0.266765 0.227410
v -0.280061 -0.291155 0.207629
v -0.267015 -0.313310 0.144939
v -0.246609 -0.313310 0.176825
v -0.257850 -0.320257 0.140275
v -0.234883 -0.320795 0.168699
v -0.254317 -0.320795 0.138276
v -0.247713 -0.317167 0.178100
v -0.266213 -0.320257 0.124022
v -0.262564 -0.320795 0.122258
v -0.302119 -0.300988 0.217543
v -0.329669 -0.295576 0.237513
v -0.356000 -0.293444 0.256593
v -0.384399 -0.297026 0.277175
v -0.407351 -0.313666 0.293805
v -0.408022 -0.345269 0.294294
v -0.393140 -0.371774 0.283510
v -0.372772 -0.393988 0.268748
v -0.350175 -0.412371 0.252372
v -0.311407 -0.435742 0.226116
v -0.256461 -0.458319 0.189724
v -0.202402 -0.473088 0.152588
v -0.158080 -0.478972 0.146700
v -0.138785 -0.482943 0.115876
v -0.110779 -0.485713 0.093981
v -0.057415 -0.487640 0.040203
v -0.022443 -0.487073 0.029627
v -0.019503 0.499956 0.021181
v -0.050495 0.453946 0.058555
v -0.046051 0.392244 0.053190
v -0.054252 0.360882 0.063081
v -0.066997 0.332757 0.078456
v -0.088761 0.287367 0.107557
v -0.107940 0.256458 0.127827
v -0.122444 0.232160 0.145325
v -0.136632 0.205408 0.162429
v -0.140274 0.175035 0.166827
v -0.129110 0.149542 0.153359
v -0.134912 0.117882 0.160361
v -0.146924 0.089290 0.174842
v -0.165949 0.055648 0.198732
v -0.213651 0.020910 0.213865
v -0.237182 0.007906 0.220374
v -0.236078 0.002766 0.219338
v -0.206746 0.002766 0.246991
v -0.207718 0.007906 0.248158
v -0.187459 -0.012350 0.223640
v -0.171805 -0.035398 0.204198
v -0.168943 -0.066723 0.198840
v -0.182806 -0.091390 0.212944
v -0.201199 -0.108945 0.232779
v -0.220610 -0.123520 0.254128
v -0.240939 -0.137713 0.276828
v -0.260442 -0.152317 0.298982
v -0.278827 -0.169951 0.320465
v -0.291873 -0.196002 0.337146
v -0.286372 -0.225745 0.333598
v -0.270510 -0.248740 0.317307
v -0.253028 -0.266765 0.298308
v -0.220309 -0.291004 0.269310
v -0.222423 -0.313310 0.205989
v -0.194811 -0.313310 0.231955
v -0.185568 -0.320795 0.221294
v -0.211861 -0.320795 0.196522
v -0.223418 -0.317167 0.207468
v -0.195683 -0.317167 0.233623
v -0.217269 -0.308369 0.259678
v -0.238570 -0.300988 0.285363
v -0.260288 -0.295576 0.311560
v -0.281041 -0.293444 0.336587
v -0.303430 -0.297026 0.363590
v -0.321522 -0.313666 0.385404
v -0.322054 -0.345269 0.386044
v -0.310320 -0.371774 0.371897
v -0.294265 -0.393988 0.352536
v -0.276451 -0.412371 0.331053
v -0.251940 -0.432424 0.300934
v -0.210519 -0.455089 0.254374
v -0.168187 -0.470431 0.207972
v -0.042556 -0.487637 0.060100
v -0.055124 -0.487067 0.096211
v -0.012197 0.499887 0.025799
v -0.025490 0.480936 0.049890
v -0.034378 0.453946 0.068723
v -0.035335 0.422547 0.070753
v -0.031408 0.392244 0.062430
v -0.036885 0.360882 0.074034
v -0.045395 0.332757 0.092082
v -0.057677 0.294911 0.118284
v -0.072745 0.256458 0.150023
v -0.082435 0.232160 0.170559
v -0.091909 0.205408 0.190633
v -0.094339 0.175035 0.195794
v -0.086878 0.149542 0.179988
v -0.090759 0.117882 0.188206
v -0.098783 0.089290 0.205203
v -0.108210 0.063748 0.225176
v -0.118734 0.040711 0.247484
v -0.163203 0.021076 0.253446
v -0.090643 0.020493 0.287127
v -0.139387 0.007906 0.291248
v -0.174983 0.007906 0.271968
v -0.174173 0.002766 0.270689
v -0.138738 0.002766 0.289881
v -0.125854 -0.012350 0.262474
v -0.115401 -0.035398 0.239658
v -0.113495 -0.066723 0.233369
v -0.122745 -0.091390 0.249922
v -0.135035 -0.108945 0.273200
v -0.147996 -0.123520 0.298258
v -0.161582 -0.137713 0.324898
v -0.174605 -0.152317 0.350899
v -0.186888 -0.169951 0.376115
v -0.195598 -0.196002 0.395691
v -0.191926 -0.225745 0.391528
v -0.181333 -0.248740 0.372409
v -0.169652 -0.266765 0.350106
v -0.146777 -0.290966 0.313910
v -0.164136 -0.313310 0.254213
v -0.130769 -0.313310 0.272233
v -0.156359 -0.320795 0.242527
v -0.164861 -0.317167 0.256038
v -0.131347 -0.317167 0.274194
v -0.124597 -0.320795 0.259724
v -0.150920 -0.303593 0.324798
v -0.174505 -0.295576 0.365662
v -0.188369 -0.293444 0.395037
v -0.203321 -0.297026 0.426726
v -0.215402 -0.313666 0.452327
v -0.215757 -0.345269 0.453078
v -0.207926 -0.371774 0.436478
v -0.197203 -0.393988 0.413755
v -0.179034 -0.417386 0.382288
v -0.154492 -0.444516 0.326654
v -0.127367 -0.463234 0.270508
v -0.094447 -0.478063 0.200978
v -0.077489 -0.482999 0.160087
v -0.025899 -0.485730 0.144547
v -0.016201 0.453946 0.074612
v -0.008780 0.482129 0.055004
v -0.016626 0.422547 0.076815
v -0.014898 0.392244 0.067780
v -0.017305 0.360882 0.080382
v -0.021046 0.332757 0.099974
v -0.025375 0.296694 0.127627
v -0.033066 0.256458 0.162879
v -0.037333 0.232160 0.185175
v -0.041491 0.205408 0.206971
v -0.042564 0.175035 0.212575
v -0.039285 0.149542 0.195413
v -0.040990 0.117882 0.204340
v -0.044515 0.089290 0.222792
v -0.048658 0.063748 0.244476
v -0.053287 0.040711 0.268694
v -0.101614 0.007906 0.305999
v -0.101151 0.002766 0.304562
v -0.062082 0.002766 0.314726
v -0.062368 0.007906 0.316213
v -0.056420 -0.012350 0.284970
v -0.051822 -0.035398 0.260198
v -0.050981 -0.066723 0.253373
v -0.055054 -0.091390 0.271340
v -0.060455 -0.108945 0.296613
v -0.066156 -0.123520 0.323820
v -0.072127 -0.137713 0.352744
v -0.077852 -0.152317 0.380975
v -0.083252 -0.169951 0.408351
v -0.087079 -0.196002 0.429607
v -0.085467 -0.225745 0.425086
v -0.080807 -0.248740 0.404326
v -0.075676 -0.266765 0.380112
v -0.062545 -0.291108 0.339726
v -0.095365 -0.313310 0.286022
v -0.058580 -0.313310 0.295565
v -0.055864 -0.320795 0.281981
v -0.090890 -0.320795 0.272877
v -0.095789 -0.317167 0.288078
v -0.058834 -0.317167 0.297691
v -0.068841 -0.303936 0.349732
v -0.077806 -0.295576 0.397001
v -0.083900 -0.293444 0.428891
v -0.090474 -0.297026 0.463300
v -0.095789 -0.313666 0.491095
v -0.095943 -0.345269 0.491912
v -0.092503 -0.371774 0.473887
v -0.087789 -0.393988 0.449215
v -0.081154 -0.420528 0.407673
v -0.064744 -0.448168 0.344259
v -0.037464 -0.470909 0.263498
v -0.021124 -0.479446 0.210256
v -0.020792 -0.483190 0.176456
v -0.016379 -0.487252 0.107557
v -0.014782 -0.487640 0.067198
v 0.000247 -0.487099 0.034985
v -0.000216 0.499956 0.027432
v 0.012761 0.453990 0.074181
v 0.002978 0.422547 0.078078
v 0.002399 0.392244 0.068893
v 0.003202 0.360882 0.081703
v 0.004459 0.332757 0.101618
v 0.008463 0.287068 0.137637
v 0.008486 0.256458 0.165560
v 0.009914 0.232160 0.188222
v 0.011310 0.205408 0.210375
v 0.011665 0.175035 0.216072
v 0.010570 0.149542 0.198629
v 0.011140 0.117882 0.207699
v 0.012321 0.089290 0.226455
v 0.013710 0.063748 0.248497
v 0.015260 0.040711 0.273112
v -0.004737 0.021137 0.300919
v 0.018300 0.007906 0.321412
v -0.022211 0.007906 0.321486
v -0.022111 0.002766 0.319972
v 0.018207 0.002766 0.319899
v 0.016309 -0.012350 0.289657
v 0.014766 -0.035398 0.264477
v 0.014489 -0.066723 0.257536
v 0.015854 -0.091390 0.275804
v 0.017660 -0.108945 0.301493
v 0.019573 -0.123520 0.329142
v 0.021571 -0.137713 0.358544
v 0.023492 -0.152317 0.387237
v 0.025297 -0.169951 0.415064
v 0.026578 -0.196002 0.436671
v 0.026038 -0.225745 0.432076
v 0.024480 -0.248740 0.410974
v 0.022759 -0.266765 0.386363
v 0.019750 -0.291722 0.343185
v -0.020938 -0.313310 0.300495
v 0.017035 -0.313310 0.300426
v -0.020028 -0.320795 0.286684
v -0.021023 -0.317167 0.302656
v 0.017120 -0.317167 0.302587
v 0.016124 -0.320795 0.286619
v 0.019241 -0.308369 0.336333
v 0.021340 -0.300988 0.369602
v 0.023477 -0.295576 0.403529
v 0.025513 -0.293444 0.435943
v 0.027720 -0.297026 0.470918
v 0.029494 -0.313666 0.499172
v 0.029548 -0.345269 0.500000
v 0.028399 -0.371774 0.481679
v 0.026817 -0.393988 0.456602
v 0.022975 -0.417415 0.420722
v 0.020985 -0.444559 0.359850
v 0.020337 -0.463234 0.297576
v 0.002361 -0.487640 0.068303
v 0.011858 0.499946 0.024124
v 0.018832 0.479887 0.051234
v 0.019426 0.392244 0.065611
v 0.028746 0.422652 0.070680
v 0.023400 0.360882 0.077809
v 0.029579 0.332757 0.096773
v 0.038829 0.296885 0.122909
v 0.049414 0.256458 0.157672
v 0.056450 0.232160 0.179252
v 0.063317 0.205408 0.200350
v 0.065084 0.175035 0.205777
v 0.059675 0.149542 0.189162
v 0.062491 0.117882 0.197804
v 0.068308 0.089290 0.215667
v 0.075144 0.063748 0.236658
v 0.082782 0.040711 0.260098
v 0.067097 0.020920 0.292296
v 0.097764 0.007906 0.306099
v 0.058510 0.007906 0.316209
v 0.058225 0.002766 0.314723
v 0.097294 0.002766 0.304659
v 0.087951 -0.012350 0.275858
v 0.080367 -0.035398 0.251875
v 0.078978 -0.066723 0.245266
v 0.085690 -0.091390 0.262663
v 0.094609 -0.108945 0.287127
v 0.104013 -0.123520 0.313463
v 0.113865 -0.137713 0.341463
v 0.123308 -0.152317 0.368789
v 0.132219 -0.169951 0.395287
v 0.138546 -0.196002 0.415865
v 0.135876 -0.225745 0.411490
v 0.128192 -0.248740 0.391393
v 0.119721 -0.266765 0.367957
v 0.100873 -0.291067 0.329585
v 0.054715 -0.313310 0.295565
v 0.091507 -0.313310 0.286114
v 0.052007 -0.320795 0.281981
v 0.054977 -0.317167 0.297691
v 0.091932 -0.317167 0.288171
v 0.087033 -0.320795 0.272961
v 0.108311 -0.303944 0.338528
v 0.123239 -0.295576 0.384303
v 0.133292 -0.293444 0.415176
v 0.144147 -0.297026 0.448479
v 0.152911 -0.313666 0.475389
v 0.153165 -0.345269 0.476179
v 0.147480 -0.371774 0.458732
v 0.139703 -0.393988 0.434845
v 0.125924 -0.420603 0.394913
v 0.109584 -0.448148 0.331730
v 0.091585 -0.466292 0.269376
v 0.073315 -0.474449 0.231038
v 0.062977 -0.479388 0.199310
v 0.052863 -0.482999 0.168248
v 0.042054 -0.485648 0.135076
v 0.031585 -0.487135 0.102928
v 0.025382 -0.487117 0.068446
v 0.038883 0.453946 0.064155
v 0.035142 0.392244 0.058282
v 0.042039 0.360882 0.069116
v 0.052755 0.332757 0.085962
v 0.073786 0.287357 0.115599
v 0.087179 0.256458 0.140056
v 0.099377 0.232160 0.159224
v 0.111304 0.205408 0.177966
v 0.114367 0.175035 0.182784
v 0.104978 0.149542 0.168029
v 0.109861 0.117882 0.175701
v 0.119960 0.089290 0.191569
v 0.136864 0.055644 0.217000
v 0.136547 0.020910 0.266934
v 0.135483 0.007906 0.291263
v 0.134835 0.002766 0.289896
v 0.170262 0.002766 0.270620
v 0.171072 0.007906 0.271898
v 0.154037 -0.012350 0.245035
v 0.140883 -0.035398 0.223732
v 0.138476 -0.066723 0.217863
v 0.150126 -0.091390 0.233315
v 0.165594 -0.108945 0.255044
v 0.181911 -0.123520 0.278438
v 0.199008 -0.137713 0.303311
v 0.215410 -0.152317 0.327582
v 0.230863 -0.169951 0.351123
v 0.241834 -0.196002 0.369398
v 0.237212 -0.225745 0.365511
v 0.223873 -0.248740 0.347664
v 0.209176 -0.266765 0.326843
v 0.181217 -0.290975 0.293825
v 0.126865 -0.313310 0.272249
v 0.160225 -0.313310 0.254143
v 0.120693 -0.320795 0.259735
v 0.127444 -0.317167 0.274205
v 0.160958 -0.317167 0.255973
v 0.152456 -0.320795 0.242466
v 0.179103 -0.308369 0.284520
v 0.197017 -0.300988 0.312662
v 0.215279 -0.295576 0.341363
v 0.232730 -0.293444 0.368785
v 0.251555 -0.297026 0.398368
v 0.266761 -0.313666 0.422270
v 0.267208 -0.345269 0.422971
v 0.257349 -0.371774 0.407473
v 0.243847 -0.393988 0.386259
v 0.223611 -0.417435 0.356310
v 0.192558 -0.444599 0.303811
v 0.161544 -0.463284 0.249710
v 0.155341 -0.474293 0.189743
v 0.137489 -0.479443 0.158874
v 0.117275 -0.483190 0.131717
v 0.101560 -0.485674 0.102057
v 0.073115 -0.487252 0.078567
v 0.021556 0.499803 0.014996
v 0.038351 0.480936 0.037754
v 0.053557 0.453946 0.052004
v 0.055201 0.422547 0.053537
v 0.048473 0.392244 0.047240
v 0.057847 0.360882 0.056025
v 0.072420 0.332757 0.069678
v 0.092757 0.297128 0.088188
v 0.119220 0.256458 0.113523
v 0.135807 0.232160 0.129064
v 0.152016 0.205408 0.144254
v 0.156182 0.175035 0.148159
v 0.143421 0.149542 0.136197
v 0.150056 0.117882 0.142421
v 0.163781 0.089290 0.155281
v 0.179913 0.063748 0.170394
v 0.197928 0.040711 0.187271
v 0.189873 0.021076 0.231300
v 0.232144 0.020848 0.188515
v 0.233278 0.007906 0.220393
v 0.203891 0.007906 0.248204
v 0.202927 0.002766 0.247037
v 0.232167 0.002766 0.219357
v 0.210117 -0.012350 0.198617
v 0.192226 -0.035398 0.181351
v 0.188955 -0.066723 0.176594
v 0.204802 -0.091390 0.189119
v 0.225825 -0.108945 0.206732
v 0.248013 -0.123520 0.225693
v 0.271251 -0.137713 0.245855
v 0.293547 -0.152317 0.265528
v 0.314563 -0.169951 0.284608
v 0.329476 -0.196002 0.299425
v 0.323188 -0.225745 0.296274
v 0.305050 -0.248740 0.281804
v 0.285076 -0.266765 0.264931
v 0.248337 -0.291094 0.240220
v 0.190984 -0.313310 0.231997
v 0.218527 -0.313310 0.206004
v 0.181742 -0.320795 0.221337
v 0.191848 -0.317167 0.233669
v 0.219514 -0.317167 0.207483
v 0.207957 -0.320795 0.196533
v 0.244194 -0.308369 0.230622
v 0.268543 -0.300988 0.253435
v 0.293370 -0.295576 0.276701
v 0.317093 -0.293444 0.298928
v 0.342684 -0.297026 0.322907
v 0.363368 -0.313666 0.342280
v 0.363970 -0.345269 0.342850
v 0.350561 -0.371774 0.330286
v 0.332215 -0.393988 0.313090
v 0.300321 -0.419586 0.288086
v 0.257811 -0.446992 0.240259
v 0.209948 -0.466264 0.191507
v 0.043474 -0.500000 0.040488
v 0.046506 0.480936 0.026558
v 0.064790 0.453946 0.036583
v 0.066765 0.422547 0.037661
v 0.058680 0.392244 0.033232
v 0.069952 0.360882 0.039410
v 0.087472 0.332757 0.049015
v 0.118124 0.289198 0.065781
v 0.143738 0.256458 0.079862
v 0.163681 0.232160 0.090792
v 0.183169 0.205408 0.101480
v 0.188184 0.175035 0.104226
v 0.172831 0.149542 0.095810
v 0.180816 0.117882 0.100189
v 0.197318 0.089290 0.109237
v 0.216714 0.063748 0.119867
v 0.238377 0.040711 0.131741
v 0.273180 0.021145 0.124180
v 0.259007 0.007906 0.189119
v 0.257781 0.002766 0.188230
v 0.279545 0.002766 0.154310
v 0.280879 0.007906 0.155038
v 0.253028 -0.012350 0.139721
v 0.231526 -0.035398 0.127577
v 0.227592 -0.066723 0.124230
v 0.246632 -0.091390 0.133038
v 0.271914 -0.108945 0.145432
v 0.298593 -0.123520 0.158770
v 0.326536 -0.137713 0.172951
v 0.353338 -0.152317 0.186793
v 0.378613 -0.169951 0.200215
v 0.396542 -0.196002 0.210637
v 0.388981 -0.225745 0.208423
v 0.367179 -0.248740 0.198243
v 0.343155 -0.266765 0.186369
v 0.316152 -0.283877 0.172631
v 0.242644 -0.313310 0.176772
v 0.295677 -0.303386 0.133216
v 0.263135 -0.313310 0.144916
v 0.230925 -0.320795 0.168645
v 0.253977 -0.320257 0.140256
v 0.250436 -0.320795 0.138257
v 0.244287 -0.319804 0.178389
v 0.298871 -0.310049 0.141188
v 0.323281 -0.300988 0.178285
v 0.353130 -0.295576 0.194650
v 0.381652 -0.293444 0.210287
v 0.412427 -0.297026 0.227156
v 0.437293 -0.313666 0.240786
v 0.438018 -0.345269 0.241187
v 0.421901 -0.371774 0.232348
v 0.399829 -0.393988 0.220250
v 0.375349 -0.412371 0.206828
v 0.335262 -0.435006 0.186192
v 0.276759 -0.457879 0.155639
v 0.221782 -0.472944 0.117756
v 0.207001 -0.479013 0.067264
v 0.024750 0.499956 0.006838
v 0.071842 0.453946 0.018905
v 0.074025 0.422547 0.019463
v 0.065084 0.392244 0.017172
v 0.077551 0.360882 0.020365
v 0.096923 0.332757 0.025329
v 0.132659 0.286953 0.032570
v 0.159129 0.256458 0.041266
v 0.181179 0.232160 0.046916
v 0.202734 0.205408 0.052439
v 0.208274 0.175035 0.053857
v 0.191301 0.149542 0.049508
v 0.200127 0.117882 0.051773
v 0.218380 0.089290 0.056445
v 0.239820 0.063748 0.061941
v 0.263767 0.040711 0.068076
v 0.295314 0.020943 0.049662
v 0.310759 0.007906 0.080116
v 0.298315 0.007906 0.118569
v 0.296903 0.002766 0.118010
v 0.309293 0.002766 0.079738
v 0.279969 -0.012350 0.072201
v 0.256191 -0.035398 0.065923
v 0.251848 -0.066723 0.064194
v 0.272902 -0.091390 0.068746
v 0.300853 -0.108945 0.075151
v 0.330348 -0.123520 0.082041
v 0.361246 -0.137713 0.089371
v 0.390887 -0.152317 0.096523
v 0.418823 -0.169951 0.103459
v 0.438650 -0.196002 0.108844
v 0.430287 -0.225745 0.107700
v 0.406186 -0.248740 0.102439
v 0.379623 -0.266765 0.096307
v 0.349766 -0.283877 0.089205
v 0.294488 -0.317114 0.072405
v 0.278804 -0.320556 0.070221
v 0.270827 -0.311484 0.098083
v 0.273048 -0.320599 0.089417
v 0.276065 -0.320816 0.075579
v 0.269461 -0.321034 0.097409
v 0.262425 -0.320257 0.123984
v 0.258776 -0.320795 0.122216
v 0.266961 -0.320870 0.106140
v 0.269453 -0.318483 0.107010
v 0.292791 -0.313213 0.075764
v 0.275641 -0.318483 0.089883
v 0.284220 -0.322310 0.068904
v 0.357643 -0.300988 0.092128
v 0.320156 -0.311400 0.050872
v 0.390656 -0.295576 0.100586
v 0.422194 -0.293444 0.108663
v 0.456218 -0.297026 0.117382
v 0.483706 -0.313666 0.124423
v 0.484508 -0.345269 0.124631
v 0.466687 -0.371774 0.120063
v 0.442292 -0.393988 0.113812
v 0.415220 -0.412371 0.106879
v 0.375797 -0.433126 0.096835
v 0.314131 -0.455870 0.081117
v 0.265997 -0.468202 0.068646
v 0.318227 0.007906 0.040365
v 0.316723 0.002766 0.040172
v 0.285940 -0.323269 0.022995
v 0.285439 -0.320795 0.018065
v 0.283865 -0.320805 0.036013
v 0.279838 -0.320768 0.059634
v 0.282723 -0.319937 0.050652
v 0.282522 -0.320795 0.044910
v 0.288872 -0.319743 0.032004
f 1 2 3
f 4 6 7
f 7 8 9
f 10 9 11
f 10 12 13
f 13 14 15
f 15 16 17
f 17 18 19
f 18 21 19
f 21 22 23
f 23 24 25
f 25 26 27
f 27 28 29
f 30 28 27
f 31 33 34
f 36 31 35
f 31 28 35
f 28 34 29
f 32 37 33
f 38 32 36
f 37 32 38
f 38 40 37
f 39 42 40
f 41 44 42
f 43 46 44
f 45 48 46
f 47 50 48
f 49 52 50
f 51 54 52
f 54 55 56
f 56 57 58
f 58 59 60
f 60 61 62
f 62 63 64
f 65 63 66
f 63 65 64
f 67 68 69
f 70 71 72
f 68 70 69
f 73 74 70
f 67 69 75
f 69 76 75
f 77 78 76
f 72 79 77
f 80 78 79
f 81 78 80
f 81 82 78
f 80 65 81
f 83 71 74
f 80 71 83
f 80 79 71
f 83 65 80
f 85 87 84
f 87 88 89
f 89 90 91
f 91 92 93
f 93 94 95
f 94 97 95
f 96 99 97
f 98 101 99
f 100 103 101
f 104 103 102
f 106 108 105
f 109 110 2
f 1 109 2
f 111 113 114
f 115 113 4
f 4 116 115
f 7 117 116
f 118 117 9
f 10 119 118
f 13 120 119
f 15 121 120
f 17 122 121
f 122 21 123
f 21 124 123
f 23 125 124
f 25 126 125
f 127 126 27
f 127 29 128
f 27 29 127
f 129 131 132
f 33 130 34
f 130 29 34
f 129 128 29
f 131 133 132
f 37 131 33
f 133 131 37
f 37 134 133
f 40 135 134
f 42 136 135
f 44 137 136
f 46 138 137
f 48 139 138
f 50 140 139
f 52 141 140
f 141 56 142
f 142 58 143
f 143 60 144
f 144 62 145
f 145 64 146
f 146 65 147
f 148 149 150
f 148 150 68
f 151 152 153
f 150 151 68
f 152 151 150
f 154 150 149
f 148 68 67
f 68 155 73
f 151 153 68
f 153 83 155
f 83 153 156
f 155 83 74
f 156 65 83
f 152 156 153
f 156 147 65
f 147 152 154
f 152 147 156
f 157 148 67
f 158 157 84
f 84 159 158
f 87 160 159
f 89 161 160
f 91 162 161
f 162 95 163
f 163 97 164
f 164 99 165
f 165 101 166
f 166 103 167
f 167 104 168
f 169 168 170
f 105 169 106
f 172 105 108
f 173 172 174
f 174 176 173
f 114 178 1
f 114 179 177
f 179 115 180
f 115 181 180
f 116 182 181
f 117 183 182
f 118 184 183
f 119 185 184
f 120 186 185
f 122 186 121
f 187 123 188
f 123 189 188
f 124 190 189
f 125 191 190
f 126 192 191
f 127 128 192
f 193 195 196
f 193 132 194
f 196 128 193
f 194 197 195
f 133 194 132
f 197 194 133
f 133 198 197
f 134 199 198
f 135 200 199
f 136 201 200
f 137 202 201
f 138 203 202
f 139 204 203
f 140 205 204
f 205 142 206
f 206 143 207
f 207 144 208
f 208 145 209
f 209 146 210
f 210 211 212
f 146 211 210
f 213 215 216
f 149 214 154
f 215 149 148
f 214 149 215
f 211 154 214
f 212 214 213
f 157 215 148
f 215 217 216
f 157 217 215
f 158 217 157
f 158 219 218
f 159 220 219
f 160 221 220
f 161 222 221
f 222 163 223
f 223 164 224
f 224 165 225
f 165 226 225
f 166 227 226
f 228 227 167
f 229 228 168
f 229 169 230
f 231 171 105
f 232 231 172
f 232 173 233
f 233 176 234
f 175 234 176
f 235 110 109
f 236 178 177
f 237 236 179
f 180 237 179
f 238 181 239
f 239 182 240
f 241 240 183
f 241 184 242
f 242 185 243
f 243 186 244
f 244 187 245
f 187 246 245
f 246 189 247
f 247 190 248
f 248 191 249
f 250 192 128
f 249 250 251
f 192 250 249
f 252 254 255
f 196 254 253
f 253 250 196
f 252 251 250
f 254 256 255
f 197 254 195
f 256 254 197
f 197 257 256
f 198 258 257
f 199 259 258
f 200 260 259
f 201 261 260
f 202 262 261
f 203 263 262
f 204 264 263
f 264 206 265
f 265 207 266
f 267 266 208
f 267 209 268
f 268 210 269
f 270 210 212
f 269 270 271
f 210 270 269
f 272 274 275
f 273 216 274
f 270 213 273
f 271 273 272
f 274 276 275
f 217 274 216
f 276 274 217
f 276 218 277
f 277 219 278
f 278 220 279
f 279 221 280
f 280 222 281
f 281 223 282
f 223 283 282
f 224 284 283
f 225 285 284
f 226 286 285
f 227 287 286
f 229 287 228
f 230 288 229
f 289 110 235
f 235 290 289
f 236 290 178
f 291 292 238
f 238 293 291
f 239 294 293
f 295 294 240
f 241 296 295
f 242 297 296
f 243 298 297
f 244 299 298
f 299 246 300
f 246 301 300
f 247 302 301
f 248 303 302
f 304 303 249
f 304 251 305
f 249 251 304
f 306 308 309
f 307 255 308
f 306 305 251
f 308 310 309
f 256 308 255
f 310 308 256
f 256 311 310
f 257 312 311
f 258 313 312
f 259 314 313
f 260 315 314
f 261 316 315
f 262 317 316
f 263 318 317
f 318 265 319
f 319 266 320
f 321 320 267
f 321 268 322
f 322 269 323
f 324 269 271
f 323 324 325
f 269 324 323
f 326 328 329
f 327 275 328
f 324 272 327
f 325 327 326
f 328 330 329
f 276 328 275
f 330 328 276
f 277 331 330
f 278 332 331
f 279 333 332
f 280 334 333
f 282 334 281
f 335 283 336
f 336 284 337
f 337 285 338
f 338 286 339
f 339 287 340
f 287 288 340
f 341 288 230
f 230 342 341
f 343 342 231
f 231 344 343
f 344 233 345
f 345 234 346
f 175 346 234
f 347 290 236
f 348 293 349
f 349 294 350
f 351 350 295
f 351 296 352
f 352 297 353
f 353 298 354
f 354 299 355
f 299 356 355
f 356 301 357
f 357 302 358
f 358 303 359
f 359 304 360
f 360 305 361
f 304 305 360
f 362 364 365
f 306 363 362
f 362 305 306
f 365 361 362
f 363 366 364
f 310 363 309
f 366 363 310
f 310 367 366
f 311 368 367
f 312 369 368
f 313 370 369
f 314 371 370
f 315 372 371
f 316 373 372
f 317 374 373
f 374 319 375
f 375 320 376
f 376 321 377
f 377 322 378
f 378 323 379
f 380 323 325
f 379 380 381
f 323 380 379
f 382 384 385
f 383 329 384
f 380 326 383
f 381 383 382
f 384 386 385
f 330 384 329
f 386 384 330
f 387 386 330
f 387 331 388
f 388 332 389
f 389 333 390
f 390 334 391
f 391 335 392
f 335 393 392
f 336 394 393
f 337 395 394
f 338 396 395
f 339 397 396
f 340 398 397
f 341 398 288
f 342 399 341
f 401 400 342
f 344 401 343
f 345 402 344
f 404 110 289
f 405 404 289
f 406 405 290
f 407 406 347
f 408 407 348
f 348 409 408
f 349 410 409
f 411 410 350
f 412 411 351
f 352 413 412
f 353 414 413
f 354 415 414
f 415 356 416
f 356 417 416
f 357 418 417
f 358 419 418
f 359 420 419
f 420 361 421
f 360 361 420
f 422 424 425
f 365 424 423
f 423 361 365
f 422 421 361
f 424 426 425
f 366 424 364
f 426 424 366
f 426 367 427
f 427 368 428
f 428 369 429
f 429 370 430
f 430 371 431
f 431 372 432
f 432 373 433
f 433 374 434
f 374 435 434
f 375 436 435
f 376 437 436
f 377 438 437
f 378 439 438
f 440 379 381
f 439 440 441
f 379 440 439
f 442 444 445
f 442 385 443
f 381 442 440
f 440 445 441
f 443 446 444
f 386 443 385
f 446 443 386
f 387 447 446
f 388 448 447
f 389 449 448
f 390 450 449
f 391 451 450
f 451 393 452
f 452 394 453
f 453 395 454
f 454 396 455
f 455 397 456
f 456 398 457
f 458 403 346
f 175 458 346
f 460 404 405
f 460 406 461
f 461 407 462
f 408 462 407
f 463 409 464
f 464 410 465
f 466 465 411
f 466 412 467
f 467 413 468
f 468 414 469
f 414 470 469
f 415 471 470
f 416 472 471
f 472 418 473
f 473 419 474
f 474 420 475
f 420 421 475
f 476 478 479
f 476 425 477
f 479 421 476
f 477 480 478
f 426 477 425
f 480 477 426
f 480 427 481
f 481 428 482
f 482 429 483
f 483 430 484
f 484 431 485
f 485 432 486
f 486 433 487
f 487 434 488
f 434 489 488
f 435 490 489
f 436 491 490
f 437 492 491
f 438 493 492
f 494 439 441
f 493 494 495
f 439 494 493
f 496 498 499
f 445 498 497
f 441 497 494
f 494 496 495
f 498 500 499
f 446 498 444
f 500 498 446
f 500 447 501
f 501 448 502
f 502 449 503
f 503 450 504
f 504 451 505
f 451 506 505
f 452 507 506
f 453 508 507
f 454 509 508
f 455 510 509
f 456 511 510
f 457 512 511
f 400 512 399
f 402 513 401
f 514 110 404
f 515 514 460
f 516 515 461
f 517 516 462
f 518 517 462
f 518 464 519
f 519 465 520
f 520 466 521
f 521 467 522
f 522 468 523
f 523 469 524
f 524 470 525
f 470 526 525
f 526 472 527
f 527 473 528
f 528 474 529
f 530 475 421
f 529 530 531
f 475 530 529
f 532 534 535
f 479 533 532
f 532 530 479
f 535 531 530
f 533 536 534
f 480 533 478
f 536 533 480
f 536 481 537
f 537 482 538
f 538 483 539
f 539 484 540
f 540 485 541
f 541 486 542
f 542 487 543
f 543 488 544
f 488 545 544
f 489 546 545
f 547 546 490
f 548 547 491
f 492 549 548
f 550 493 495
f 549 550 551
f 493 550 549
f 552 554 555
f 552 499 553
f 495 552 550
f 550 555 551
f 553 556 554
f 500 553 499
f 556 553 500
f 557 556 500
f 557 501 558
f 558 502 559
f 559 503 560
f 560 504 561
f 504 562 561
f 505 563 562
f 506 564 563
f 508 564 507
f 565 509 566
f 567 566 510
f 511 568 567
f 569 568 512
f 512 513 569
f 513 459 571
f 517 572 516
f 573 517 518
f 518 574 573
f 519 575 574
f 576 575 520
f 521 577 576
f 522 578 577
f 523 579 578
f 524 580 579
f 580 526 581
f 526 582 581
f 527 583 582
f 528 584 583
f 585 584 529
f 585 531 586
f 529 531 585
f 588 590 587
f 588 534 589
f 587 586 531
f 589 591 590
f 536 589 534
f 591 589 536
f 591 537 592
f 592 538 593
f 593 539 594
f 594 540 595
f 595 541 596
f 596 542 597
f 597 543 598
f 598 544 599
f 544 600 599
f 545 601 600
f 546 602 601
f 547 603 602
f 548 604 603
f 605 549 551
f 604 605 606
f 549 605 604
f 607 609 610
f 555 608 607
f 551 607 605
f 605 610 606
f 608 611 609
f 556 608 554
f 612 608 556
f 557 613 612
f 558 614 613
f 559 615 614
f 560 616 615
f 562 616 561
f 617 563 618
f 618 564 619
f 619 565 620
f 620 566 621
f 621 567 622
f 570 622 568
f 513 624 569
f 625 571 459
f 625 458 626
f 175 626 458
f 627 110 514
f 627 515 628
f 629 572 517
f 630 629 517
f 630 574 631
f 632 631 575
f 633 632 576
f 634 633 577
f 634 578 635
f 635 579 636
f 636 580 637
f 580 638 637
f 638 582 639
f 639 583 640
f 640 584 641
f 641 585 642
f 642 586 643
f 585 586 642
f 644 646 647
f 587 645 644
f 644 586 587
f 647 643 644
f 645 648 646
f 591 645 590
f 648 645 591
f 648 592 649
f 649 593 650
f 650 594 651
f 651 595 652
f 652 596 653
f 653 597 654
f 654 598 655
f 655 599 656
f 599 657 656
f 600 658 657
f 601 659 658
f 602 660 659
f 603 661 660
f 662 604 606
f 662 661 604
f 664 666 667
f 668 666 669
f 667 668 670
f 666 668 667
f 611 665 609
f 610 665 664
f 609 665 610
f 606 664 662
f 672 667 670
f 667 662 664
f 662 672 663
f 672 662 667
f 673 611 612
f 673 613 674
f 674 614 675
f 675 615 676
f 676 616 677
f 677 617 678
f 617 679 678
f 618 680 679
f 619 681 680
f 620 682 681
f 621 683 682
f 623 683 622
f 623 685 684
f 624 685 569
f 625 686 571
f 687 110 627
f 628 687 627
f 689 690 572
f 689 630 691
f 630 692 691
f 631 693 692
f 632 694 693
f 633 695 694
f 634 696 695
f 635 697 696
f 636 698 697
f 698 638 699
f 638 700 699
f 639 701 700
f 640 702 701
f 641 703 702
f 703 643 704
f 642 643 703
f 705 707 708
f 647 707 706
f 706 643 647
f 705 704 643
f 707 709 708
f 648 707 646
f 709 707 648
f 709 649 710
f 710 650 711
f 711 651 712
f 712 652 713
f 713 653 714
f 714 654 715
f 715 655 716
f 716 656 717
f 656 718 717
f 657 719 718
f 658 720 719
f 659 721 720
f 661 721 660
f 663 722 661
f 724 725 726
f 727 728 729
f 725 730 727
f 730 731 728
f 671 726 669
f 724 726 671
f 732 733 670
f 726 729 733
f 733 734 670
f 735 733 729
f 734 733 735
f 672 670 734
f 735 723 663
f 736 728 731
f 735 728 736
f 735 729 728
f 736 723 735
f 671 737 724
f 737 671 611
f 673 737 611
f 738 737 673
f 673 739 738
f 674 740 739
f 675 741 740
f 676 742 741
f 677 743 742
f 743 679 744
f 744 680 745
f 745 681 746
f 746 682 747
f 747 683 748
f 683 749 748
f 750 685 624
f 751 686 625
f 752 751 626
f 175 752 626
f 628 754 688
f 689 754 690
f 689 756 755
f 692 756 691
f 692 758 757
f 759 758 693
f 760 759 694
f 696 760 695
f 697 761 696
f 698 762 697
f 763 699 764
f 699 765 764
f 765 701 766
f 701 767 766
f 703 767 702
f 703 704 768
f 769 771 772
f 769 708 770
f 772 704 769
f 770 773 771
f 709 770 708
f 773 770 709
f 710 773 709
f 711 774 710
f 712 775 711
f 713 776 712
f 714 777 713
f 778 715 779
f 716 779 715
f 717 780 716
f 718 781 717
f 719 782 718
f 719 784 783
f 721 784 720
f 722 785 721
f 787 786 723
f 722 723 786
f 789 790 724
f 791 792 793
f 790 794 791
f 725 724 790
f 725 793 730
f 793 795 731
f 736 795 796
f 736 731 795
f 796 723 736
f 794 796 792
f 797 794 798
f 796 794 797
f 792 796 795
f 796 787 723
f 738 724 737
f 799 789 724
f 800 799 738
f 739 800 738
f 740 801 739
f 741 802 740
f 803 742 804
f 742 805 804
f 744 805 743
f 745 806 744
f 745 808 807
f 746 809 808
f 810 809 747
f 749 810 748
f 812 811 749
f 749 813 812
f 814 813 750
f 686 814 750
f 815 110 687
f 816 688 754
f 817 816 755
f 755 818 817
f 818 757 819
f 819 758 820
f 821 820 759
f 821 760 822
f 822 761 823
f 823 762 824
f 824 763 825
f 763 826 825
f 826 765 827
f 827 766 828
f 828 767 829
f 829 768 830
f 831 768 704
f 768 831 830
f 832 834 835
f 772 834 833
f 833 831 772
f 834 836 835
f 773 834 771
f 836 834 773
f 773 837 836
f 774 838 837
f 775 839 838
f 776 840 839
f 777 841 840
f 778 842 841
f 779 843 842
f 780 844 843
f 844 782 845
f 845 783 846
f 846 784 847
f 847 785 848
f 848 786 849
f 786 788 849
f 850 851 852
f 853 850 789
f 852 854 850
f 854 855 850
f 852 856 854
f 857 856 852
f 790 789 850
f 850 858 790
f 858 798 790
f 850 859 858
f 860 859 855
f 797 859 860
f 797 798 859
f 860 787 797
f 860 856 861
f 860 855 856
f 861 787 860
f 800 789 799
f 862 851 853
f 853 863 862
f 863 853 800
f 863 801 864
f 864 802 865
f 865 803 866
f 866 804 867
f 867 805 868
f 805 869 868
f 806 870 869
f 807 871 870
f 808 872 871
f 809 873 872
f 811 873 810
f 814 753 874
f 816 875 688
f 876 877 818
f 818 878 876
f 819 879 878
f 880 879 820
f 821 881 880
f 822 882 881
f 823 883 882
f 824 884 883
f 884 826 885
f 826 886 885
f 827 887 886
f 828 888 887
f 829 889 888
f 890 830 831
f 830 890 889
f 891 893 894
f 892 835 893
f 892 890 831
f 893 895 894
f 836 893 835
f 895 893 836
f 836 896 895
f 837 897 896
f 838 898 897
f 839 899 898
f 840 900 899
f 841 901 900
f 842 902 901
f 843 903 902
f 903 845 904
f 904 846 905
f 905 847 906
f 906 848 907
f 907 849 908
f 909 788 787
f 908 909 910
f 849 909 908
f 911 912 913
f 862 911 851
f 912 911 914
f 851 911 915
f 851 915 852
f 857 916 856
f 915 857 852
f 916 857 915
f 913 915 911
f 916 861 856
f 861 909 787
f 909 916 913
f 916 909 861
f 910 913 912
f 917 862 863
f 863 918 917
f 864 919 918
f 865 920 919
f 866 921 920
f 867 922 921
f 922 869 923
f 923 870 924
f 924 871 925
f 925 872 926
f 926 873 927
f 927 811 928
f 929 928 812
f 812 930 929
f 931 930 814
f 932 874 753
f 933 932 752
f 175 933 752
f 934 110 815
f 935 875 816
f 936 878 937
f 937 879 938
f 939 938 880
f 939 881 940
f 940 882 941
f 941 883 942
f 942 884 943
f 884 944 943
f 944 886 945
f 945 887 946
f 946 888 947
f 948 889 890
f 889 948 947
f 949 951 952
f 891 950 949
f 949 948 891
f 952 948 949
f 950 953 951
f 895 950 894
f 953 950 895
f 895 954 953
f 896 955 954
f 897 956 955
f 898 957 956
f 899 958 957
f 900 959 958
f 901 960 959
f 902 961 960
f 961 904 962
f 962 905 963
f 963 906 964
f 964 907 965
f 965 908 966
f 967 908 910
f 966 967 968
f 908 967 966
f 969 971 972
f 970 914 971
f 967 912 970
f 968 970 969
f 862 971 914
f 971 973 972
f 917 971 862
f 974 973 917
f 974 918 975
f 975 919 976
f 976 920 977
f 977 921 978
f 978 922 979
f 922 980 979
f 923 981 980
f 924 982 981
f 925 983 982
f 926 984 983
f 927 985 984
f 929 985 928
f 986 987 874
f 933 986 932
f 988 110 934
f 989 988 934
f 990 989 875
f 991 990 935
f 992 991 936
f 936 993 992
f 937 994 993
f 995 994 938
f 939 996 995
f 940 997 996
f 941 998 997
f 942 999 998
f 999 944 1000
f 944 1001 1000
f 945 1002 1001
f 946 1003 1002
f 1004 1003 947
f 1005 947 948
f 1004 1005 1006
f 947 1005 1004
f 1007 1009 1010
f 951 1008 952
f 1008 1005 952
f 1007 1006 1005
f 1009 1011 1010
f 953 1009 951
f 1011 1009 953
f 953 1012 1011
f 954 1013 1012
f 955 1014 1013
f 956 1015 1014
f 957 1016 1015
f 958 1017 1016
f 959 1018 1017
f 960 1019 1018
f 1019 962 1020
f 1020 963 1021
f 1022 1021 964
f 1023 1022 965
f 1023 966 1024
f 1025 966 968
f 1024 1025 1026
f 966 1025 1024
f 1027 1029 1030
f 1027 972 1028
f 1025 969 1027
f 1026 1027 1030
f 1028 1031 1029
f 973 1028 972
f 1031 1028 973
f 974 1032 1031
f 975 1033 1032
f 976 1034 1033
f 977 1035 1034
f 979 1035 978
f 1036 980 1037
f 1037 981 1038
f 1038 982 1039
f 1039 983 1040
f 1041 1040 984
f 1042 1041 985
f 929 1043 1042
f 987 1043 931
f 989 1045 1046
f 991 1045 990
f 1047 992 1048
f 992 1049 1048
f 993 1050 1049
f 994 1051 1050
f 995 1052 1051
f 996 1053 1052
f 997 1054 1053
f 998 1055 1054
f 1055 1000 1056
f 1001 1056 1000
f 1001 1058 1057
f 1002 1059 1058
f 1003 1060 1059
f 1004 1006 1060
f 1061 1063 1064
f 1061 1010 1062
f 1064 1006 1061
f 1062 1065 1063
f 1011 1062 1010
f 1065 1062 1011
f 1011 1066 1065
f 1012 1067 1066
f 1013 1068 1067
f 1014 1069 1068
f 1015 1070 1069
f 1016 1071 1070
f 1017 1072 1071
f 1018 1073 1072
f 1073 1020 1074
f 1074 1021 1075
f 1075 1022 1076
f 1076 1023 1077
f 1077 1024 1078
f 1079 1024 1026
f 1078 1079 1080
f 1024 1079 1078
f 1081 1083 1084
f 1030 1083 1082
f 1079 1030 1082
f 1080 1082 1081
f 1083 1085 1084
f 1031 1083 1029
f 1085 1083 1031
f 1031 1086 1085
f 1032 1087 1086
f 1033 1088 1087
f 1034 1089 1088
f 1035 1090 1089
f 1090 1037 1091
f 1091 1038 1092
f 1092 1039 1093
f 1093 1040 1094
f 1094 1041 1095
f 1096 1095 1042
f 1042 1097 1096
f 1098 1044 987
f 987 1099 1098
f 1099 933 1100
f 175 1100 933
f 1101 110 988
f 1102 1046 1045
f 1103 1102 1047
f 1047 1104 1103
f 1104 1049 1105
f 1105 1050 1106
f 1107 1106 1051
f 1107 1052 1108
f 1108 1053 1109
f 1109 1054 1110
f 1110 1055 1111
f 1055 1112 1111
f 1112 1057 1113
f 1113 1058 1114
f 1114 1059 1115
f 1115 1060 1116
f 1117 1060 1006
f 1060 1117 1116
f 1118 1120 1121
f 1064 1120 1119
f 1119 1117 1064
f 1120 1122 1121
f 1065 1120 1063
f 1122 1120 1065
f 1065 1123 1122
f 1066 1124 1123
f 1067 1125 1124
f 1068 1126 1125
f 1069 1127 1126
f 1070 1128 1127
f 1071 1129 1128
f 1072 1130 1129
f 1130 1074 1131
f 1131 1075 1132
f 1132 1076 1133
f 1133 1077 1134
f 1134 1078 1135
f 1136 1078 1080
f 1135 1136 1137
f 1078 1136 1135
f 1138 1140 1141
f 1138 1084 1139
f 1136 1081 1138
f 1137 1138 1141
f 1139 1142 1140
f 1085 1139 1084
f 1142 1139 1085
f 1143 1142 1085
f 1143 1086 1144
f 1144 1087 1145
f 1145 1088 1146
f 1146 1089 1147
f 1147 1090 1148
f 1090 1149 1148
f 1091 1150 1149
f 1092 1151 1150
f 1093 1152 1151
f 1094 1153 1152
f 1100 1154 1099
f 1155 110 1101
f 1101 1156 1155
f 1102 1156 1046
f 1157 1158 1104
f 1104 1159 1157
f 1105 1160 1159
f 1161 1160 1106
f 1107 1162 1161
f 1108 1163 1162
f 1109 1164 1163
f 1110 1165 1164
f 1165 1112 1166
f 1112 1167 1166
f 1113 1168 1167
f 1114 1169 1168
f 1115 1170 1169
f 1171 1116 1117
f 1116 1171 1170
f 1172 1174 1175
f 1173 1121 1174
f 1173 1171 1117
f 1174 1176 1175
f 1122 1174 1121
f 1176 1174 1122
f 1176 1123 1177
f 1177 1124 1178
f 1178 1125 1179
f 1179 1126 1180
f 1180 1127 1181
f 1181 1128 1182
f 1182 1129 1183
f 1183 1130 1184
f 1130 1185 1184
f 1131 1186 1185
f 1132 1187 1186
f 1133 1188 1187
f 1134 1189 1188
f 1190 1135 1137
f 1189 1190 1191
f 1135 1190 1189
f 1192 1194 1195
f 1141 1193 1192
f 1137 1192 1190
f 1190 1195 1191
f 1193 1196 1194
f 1142 1193 1140
f 1196 1193 1142
f 1143 1197 1196
f 1144 1198 1197
f 1145 1199 1198
f 1146 1200 1199
f 1147 1201 1200
f 1201 1149 1202
f 1202 1150 1203
f 1203 1151 1204
f 1204 1152 1205
f 1205 1153 1206
f 1153 1207 1206
f 1208 1207 1096
f 1096 1209 1208
f 1097 1210 1209
f 1211 1210 1098
f 1212 1211 1154
f 175 1212 1100
f 1213 1156 1102
f 1214 1159 1215
f 1215 1160 1216
f 1217 1216 1161
f 1217 1162 1218
f 1218 1163 1219
f 1219 1164 1220
f 1220 1165 1221
f 1165 1222 1221
f 1222 1167 1223
f 1223 1168 1224
f 1224 1169 1225
f 1226 1170 1171
f 1170 1226 1225
f 1227 1229 1230
f 1172 1228 1227
f 1227 1226 1172
f 1230 1226 1227
f 1228 1231 1229
f 1176 1228 1175
f 1231 1228 1176
f 1231 1177 1232
f 1232 1178 1233
f 1233 1179 1234
f 1234 1180 1235
f 1235 1181 1236
f 1236 1182 1237
f 1237 1183 1238
f 1238 1184 1239
f 1184 1240 1239
f 1185 1241 1240
f 1242 1241 1186
f 1187 1243 1242
f 1188 1244 1243
f 1245 1189 1191
f 1244 1245 1246
f 1189 1245 1244
f 1247 1249 1250
f 1195 1248 1247
f 1191 1247 1245
f 1245 1250 1246
f 1248 1251 1249
f 1196 1248 1194
f 1251 1248 1196
f 1252 1251 1196
f 1252 1197 1253
f 1253 1198 1254
f 1254 1199 1255
f 1255 1200 1256
f 1200 1257 1256
f 1201 1258 1257
f 1202 1259 1258
f 1203 1260 1259
f 1204 1261 1260
f 1205 1262 1261
f 1207 1262 1206
f 1208 1263 1207
f 1209 1264 1208
f 1210 1265 1209
f 1267 1266 1210
f 1212 1267 1211
f 1268 110 1155
f 1269 1268 1155
f 1270 1269 1156
f 1271 1270 1213
f 1272 1271 1214
f 1214 1273 1272
f 1215 1274 1273
f 1275 1274 1216
f 1276 1275 1217
f 1218 1277 1276
f 1219 1278 1277
f 1220 1279 1278
f 1279 1222 1280
f 1222 1281 1280
f 1223 1282 1281
f 1224 1283 1282
f 1284 1283 1225
f 1285 1225 1226
f 1284 1285 1286
f 1225 1285 1284
f 1287 1289 1290
f 1230 1289 1288
f 1288 1285 1230
f 1287 1286 1285
f 1289 1291 1290
f 1231 1289 1229
f 1291 1289 1231
f 1291 1232 1292
f 1292 1233 1293
f 1293 1234 1294
f 1294 1235 1295
f 1295 1236 1296
f 1296 1237 1297
f 1297 1238 1298
f 1298 1239 1299
f 1239 1300 1299
f 1240 1301 1300
f 1302 1301 1241
f 1242 1303 1302
f 1243 1304 1303
f 1305 1244 1246
f 1304 1305 1306
f 1244 1305 1304
f 1307 1309 1310
f 1250 1308 1307
f 1246 1307 1305
f 1305 1310 1306
f 1308 1311 1309
f 1251 1308 1249
f 1311 1308 1251
f 1251 1312 1311
f 1252 1313 1312
f 1253 1314 1313
f 1254 1315 1314
f 1255 1316 1315
f 1256 1317 1316
f 1317 1258 1318
f 1318 1259 1319
f 1259 1320 1319
f 1320 1261 1321
f 1321 1262 1322
f 1323 1267 1212
f 1324 1268 1269
f 1324 1270 1325
f 1325 1271 1326
f 1271 1327 1326
f 1327 1273 1328
f 1328 1274 1329
f 1330 1329 1275
f 1330 1276 1331
f 1331 1277 1332
f 1332 1278 1333
f 1333 1279 1334
f 1279 1335 1334
f 1335 1281 1336
f 1336 1282 1337
f 1337 1283 1338
f 1338 1284 1339
f 1339 1286 1340
f 1284 1286 1339
f 1341 1343 1344
f 1341 1290 1342
f 1344 1340 1341
f 1342 1345 1343
f 1291 1342 1290
f 1345 1342 1291
f 1345 1292 1346
f 1346 1293 1347
f 1347 1294 1348
f 1348 1295 1349
f 1349 1296 1350
f 1350 1297 1351
f 1351 1298 1352
f 1352 1299 1353
f 1299 1354 1353
f 1300 1355 1354
f 1301 1356 1355
f 1302 1357 1356
f 1303 1358 1357
f 1359 1358 1304
f 1360 1359 1361
f 1359 1304 1306
f 1362 1363 1364
f 1365 1363 1362
f 1365 1362 1310
f 1306 1362 1359
f 1359 1364 1361
f 1311 1365 1309
f 1365 1311 1366
f 1311 1367 1366
f 1367 1313 1368
f 1368 1314 1369
f 1369 1315 1370
f 1370 1316 1371
f 1316 1372 1371
f 1317 1373 1372
f 1318 1374 1373
f 1319 1375 1374
f 1376 1375 1320
f 1377 1376 1321
f 1378 1377 1322
f 1264 1378 1263
f 107 1379 1264
f 1266 107 1265
f 174 108 1267
f 1380 110 1268
f 3 1380 1324
f 1381 3 1325
f 1381 1326 1382
f 1326 1383 1382
f 1383 1328 1384
f 1384 1329 1385
f 1385 1330 1386
f 1386 1331 1387
f 1387 1332 1388
f 1388 1333 1389
f 1389 1334 1390
f 1334 1391 1390
f 1391 1336 1392
f 1392 1337 1393
f 1393 1338 1394
f 1394 1339 1395
f 1395 1340 1396
f 1339 1340 1395
f 1397 1399 1400
f 1344 1399 1398
f 1398 1340 1344
f 1397 1396 1340
f 1399 1401 1400
f 1345 1399 1343
f 1401 1399 1345
f 1401 1346 1402
f 1402 1347 1403
f 1403 1348 1404
f 1404 1349 1405
f 1405 1350 1406
f 1406 1351 1407
f 1407 1352 1408
f 1408 1353 1409
f 1353 1410 1409
f 1354 1411 1410
f 1355 1412 1411
f 1356 1413 1412
f 1357 1414 1413
f 1358 1360 1414
f 1415 1416 1417
f 1418 1419 1420
f 1415 1417 1365
f 1364 1421 1422
f 1423 1421 1417
f 1422 1423 1420
f 1421 1423 1422
f 1424 1422 1420
f 1422 1361 1364
f 1361 1424 1425
f 1424 1361 1422
f 1419 1426 1420
f 1426 1419 1427
f 1424 1420 1426
f 1365 1366 1415
f 1428 1415 1366
f 1428 1366 1367
f 1428 1368 1430
f 1430 1369 1431
f 1431 1370 1432
f 1432 1371 1433
f 1371 1434 1433
f 1372 1435 1434
f 1373 1436 1435
f 1374 1437 1436
f 1375 1438 1437
f 1376 1439 1438
f 1377 1440 1439
f 1379 1440 1378
f 108 107 1266
f 2 110 1380
f 3 2 1380
f 1381 112 111
f 5 112 1383
f 1383 6 5
f 1384 8 6
f 11 8 1385
f 1386 12 11
f 1387 14 12
f 1388 16 14
f 1389 18 16
f 18 1391 20
f 1391 22 20
f 1392 24 22
f 1393 26 24
f 1394 30 26
f 30 1396 28
f 1395 1396 30
f 35 1442 36
f 1441 1400 1442
f 35 28 1396
f 1442 38 36
f 1401 1442 1400
f 38 1442 1401
f 38 1402 39
f 39 1403 41
f 41 1404 43
f 43 1405 45
f 45 1406 47
f 47 1407 49
f 49 1408 51
f 51 1409 53
f 1409 55 53
f 1410 57 55
f 1411 59 57
f 1412 61 59
f 1413 63 61
f 66 1414 1360
f 1414 66 63
f 65 66 1425
f 1360 1425 66
f 67 75 1415
f 1443 1444 1445
f 75 76 1443
f 76 82 1444
f 1415 75 1416
f 1416 1446 1419
f 1447 1448 1446
f 75 1445 1448
f 1448 1427 1446
f 1449 1448 1445
f 1427 1448 1449
f 1446 1427 1419
f 82 1449 1444
f 1449 82 81
f 1449 1445 1444
f 1449 65 1425
f 84 157 1429
f 1429 67 1415
f 157 67 1429
f 1429 85 84
f 85 1429 1428
f 1428 86 85
f 1430 88 86
f 1431 90 88
f 1432 92 90
f 1433 94 92
f 94 1435 96
f 96 1436 98
f 98 1437 100
f 100 1438 102
f 1439 104 102
f 170 104 1440
f 1379 106 170
f 1 3 111
f 4 112 5
f 9 8 11
f 27 26 30
f 70 72 69
f 71 79 72
f 73 70 68
f 74 71 70
f 77 76 69
f 78 82 76
f 72 77 69
f 79 78 77
f 114 1 111
f 113 112 4
f 118 9 10
f 129 29 130
f 155 74 73
f 153 155 68
f 168 104 170
f 169 170 106
f 172 108 174
f 178 109 1
f 193 128 129
f 228 167 168
f 230 169 171
f 231 105 172
f 236 177 179
f 240 182 183
f 249 191 192
f 250 128 196
f 252 250 253
f 266 207 208
f 292 236 237
f 292 237 238
f 295 240 241
f 307 251 252
f 306 251 307
f 320 266 267
f 330 276 277
f 342 171 231
f 347 236 292
f 348 292 291
f 350 294 295
f 361 305 362
f 401 342 343
f 405 289 290
f 406 290 347
f 407 347 292
f 407 292 348
f 411 350 351
f 412 351 352
f 422 361 423
f 446 386 387
f 457 398 399
f 403 345 346
f 465 410 411
f 476 421 422
f 513 400 401
f 459 402 403
f 514 404 460
f 515 460 461
f 516 461 462
f 518 462 463
f 529 474 475
f 530 421 479
f 535 530 532
f 547 490 491
f 548 491 492
f 566 509 510
f 567 510 511
f 572 515 516
f 576 520 521
f 588 531 535
f 587 531 588
f 612 556 557
f 622 567 568
f 628 515 572
f 630 517 573
f 631 574 575
f 632 575 576
f 633 576 577
f 643 586 644
f 669 666 671
f 666 665 671
f 685 570 569
f 686 624 571
f 690 628 572
f 689 572 629
f 705 643 706
f 727 729 726
f 725 727 726
f 730 728 727
f 669 670 668
f 732 670 669
f 726 732 669
f 726 733 732
f 734 663 672
f 735 663 734
f 749 623 684
f 751 625 626
f 759 693 694
f 760 694 695
f 769 704 705
f 791 793 790
f 792 795 793
f 794 792 791
f 798 794 790
f 793 731 730
f 790 793 725
f 797 787 796
f 810 747 748
f 813 684 685
f 813 685 750
f 753 686 751
f 815 687 688
f 816 754 755
f 820 758 759
f 831 704 772
f 832 831 833
f 856 855 854
f 859 798 858
f 855 859 850
f 875 815 688
f 877 816 817
f 877 817 818
f 880 820 821
f 892 831 832
f 891 890 892
f 928 811 812
f 930 813 814
f 931 814 874
f 932 753 752
f 935 816 877
f 936 877 876
f 938 879 880
f 947 888 889
f 948 890 891
f 987 931 874
f 986 874 932
f 989 934 875
f 990 875 935
f 991 935 877
f 991 877 936
f 995 938 939
f 1005 948 952
f 1007 1005 1008
f 1021 963 964
f 1022 964 965
f 1031 973 974
f 1040 983 984
f 1041 984 985
f 1042 985 929
f 1043 930 931
f 1046 988 989
f 1061 1006 1007
f 1095 1041 1042
f 1097 1043 1044
f 1101 988 1046
f 1102 1045 1047
f 1106 1050 1051
f 1117 1006 1064
f 1118 1117 1119
f 1154 1098 1099
f 1158 1102 1103
f 1158 1103 1104
f 1161 1106 1107
f 1173 1117 1118
f 1172 1171 1173
f 1196 1142 1143
f 1207 1095 1096
f 1210 1044 1098
f 1211 1098 1154
f 1212 1154 1100
f 1213 1102 1158
f 1214 1158 1157
f 1216 1160 1161
f 1225 1169 1170
f 1226 1171 1172
f 1242 1186 1187
f 1267 1210 1211
f 1269 1155 1156
f 1270 1156 1213
f 1271 1213 1158
f 1271 1158 1214
f 1275 1216 1217
f 1276 1217 1218
f 1285 1226 1230
f 1287 1285 1288
f 1302 1241 1242
f 1322 1262 1263
f 1323 1212 175
f 1329 1274 1275
f 1341 1286 1287
f 1340 1286 1341
f 1365 1310 1309
f 1376 1320 1321
f 1377 1321 1322
f 1378 1322 1263
f 107 1264 1265
f 108 1266 1267
f 174 1267 1323
f 1380 1268 1324
f 3 1324 1325
f 1397 1340 1398
f 1425 1360 1361
f 1417 1420 1423
f 1418 1420 1417
f 1416 1418 1417
f 1416 1419 1418
f 1417 1421 1365
f 1421 1363 1365
f 1426 1425 1424
f 1427 1425 1426
f 175 174 1323
f 111 3 1381
f 112 1382 1383
f 11 1385 1386
f 1441 1396 1397
f 35 1396 1441
f 1443 1445 75
f 76 1444 1443
f 1447 1446 1416
f 75 1447 1416
f 75 1448 1447
f 1449 1425 1427
f 81 65 1449
f 102 1438 1439
f 170 1440 1379
f 4 5 6
f 7 6 8
f 10 11 12
f 13 12 14
f 15 14 16
f 17 16 18
f 18 20 21
f 21 20 22
f 23 22 24
f 25 24 26
f 31 32 33
f 36 32 31
f 28 31 34
f 38 39 40
f 39 41 42
f 41 43 44
f 43 45 46
f 45 47 48
f 47 49 50
f 49 51 52
f 51 53 54
f 54 53 55
f 56 55 57
f 58 57 59
f 60 59 61
f 62 61 63
f 85 86 87
f 87 86 88
f 89 88 90
f 91 90 92
f 93 92 94
f 94 96 97
f 96 98 99
f 98 100 101
f 100 102 103
f 106 107 108
f 111 112 113
f 4 7 116
f 7 9 117
f 10 13 119
f 13 15 120
f 15 17 121
f 17 19 122
f 122 19 21
f 21 23 124
f 23 25 125
f 25 27 126
f 129 130 131
f 33 131 130
f 37 40 134
f 40 42 135
f 42 44 136
f 44 46 137
f 46 48 138
f 48 50 139
f 50 52 140
f 52 54 141
f 141 54 56
f 142 56 58
f 143 58 60
f 144 60 62
f 145 62 64
f 146 64 65
f 154 152 150
f 84 87 159
f 87 89 160
f 89 91 161
f 91 93 162
f 162 93 95
f 163 95 97
f 164 97 99
f 165 99 101
f 166 101 103
f 167 103 104
f 105 171 169
f 174 175 176
f 114 177 178
f 114 113 179
f 179 113 115
f 115 116 181
f 116 117 182
f 117 118 183
f 118 119 184
f 119 120 185
f 120 121 186
f 122 187 186
f 187 122 123
f 123 124 189
f 124 125 190
f 125 126 191
f 126 127 192
f 193 194 195
f 193 129 132
f 133 134 198
f 134 135 199
f 135 136 200
f 136 137 201
f 137 138 202
f 138 139 203
f 139 140 204
f 140 141 205
f 205 141 142
f 206 142 143
f 207 143 144
f 208 144 145
f 209 145 146
f 146 147 211
f 213 214 215
f 211 147 154
f 212 211 214
f 158 218 217
f 158 159 219
f 159 160 220
f 160 161 221
f 161 162 222
f 222 162 163
f 223 163 164
f 224 164 165
f 165 166 226
f 166 167 227
f 229 168 169
f 232 172 173
f 233 173 176
f 180 238 237
f 238 180 181
f 239 181 182
f 241 183 184
f 242 184 185
f 243 185 186
f 244 186 187
f 187 188 246
f 246 188 189
f 247 189 190
f 248 190 191
f 252 253 254
f 196 195 254
f 197 198 257
f 198 199 258
f 199 200 259
f 200 201 260
f 201 202 261
f 202 203 262
f 203 204 263
f 204 205 264
f 264 205 206
f 265 206 207
f 267 208 209
f 268 209 210
f 272 273 274
f 273 213 216
f 270 212 213
f 271 270 273
f 276 217 218
f 277 218 219
f 278 219 220
f 279 220 221
f 280 221 222
f 281 222 223
f 223 224 283
f 224 225 284
f 225 226 285
f 226 227 286
f 227 228 287
f 235 178 290
f 238 239 293
f 239 240 294
f 241 242 296
f 242 243 297
f 243 244 298
f 244 245 299
f 299 245 246
f 246 247 301
f 247 248 302
f 248 249 303
f 306 307 308
f 307 252 255
f 256 257 311
f 257 258 312
f 258 259 313
f 259 260 314
f 260 261 315
f 261 262 316
f 262 263 317
f 263 264 318
f 318 264 265
f 319 265 266
f 321 267 268
f 322 268 269
f 326 327 328
f 327 272 275
f 324 271 272
f 325 324 327
f 277 278 331
f 278 279 332
f 279 280 333
f 280 281 334
f 282 335 334
f 335 282 283
f 336 283 284
f 337 284 285
f 338 285 286
f 339 286 287
f 287 229 288
f 230 171 342
f 231 232 344
f 344 232 233
f 345 233 234
f 348 291 293
f 349 293 294
f 351 295 296
f 352 296 297
f 353 297 298
f 354 298 299
f 299 300 356
f 356 300 301
f 357 301 302
f 358 302 303
f 359 303 304
f 362 363 364
f 306 309 363
f 310 311 367
f 311 312 368
f 312 313 369
f 313 314 370
f 314 315 371
f 315 316 372
f 316 317 373
f 317 318 374
f 374 318 319
f 375 319 320
f 376 320 321
f 377 321 322
f 378 322 323
f 382 383 384
f 383 326 329
f 380 325 326
f 381 380 383
f 387 330 331
f 388 331 332
f 389 332 333
f 390 333 334
f 391 334 335
f 335 336 393
f 336 337 394
f 337 338 395
f 338 339 396
f 339 340 397
f 340 288 398
f 341 399 398
f 342 400 399
f 344 402 401
f 345 403 402
f 348 349 409
f 349 350 410
f 352 353 413
f 353 354 414
f 354 355 415
f 415 355 356
f 356 357 417
f 357 358 418
f 358 359 419
f 359 360 420
f 422 423 424
f 365 364 424
f 426 366 367
f 427 367 368
f 428 368 369
f 429 369 370
f 430 370 371
f 431 371 372
f 432 372 373
f 433 373 374
f 374 375 435
f 375 376 436
f 376 377 437
f 377 378 438
f 378 379 439
f 442 443 444
f 442 382 385
f 381 382 442
f 440 442 445
f 387 388 447
f 388 389 448
f 389 390 449
f 390 391 450
f 391 392 451
f 451 392 393
f 452 393 394
f 453 394 395
f 454 395 396
f 455 396 397
f 456 397 398
f 458 459 403
f 460 405 406
f 461 406 407
f 408 463 462
f 463 408 409
f 464 409 410
f 466 411 412
f 467 412 413
f 468 413 414
f 414 415 470
f 415 416 471
f 416 417 472
f 472 417 418
f 473 418 419
f 474 419 420
f 476 477 478
f 476 422 425
f 480 426 427
f 481 427 428
f 482 428 429
f 483 429 430
f 484 430 431
f 485 431 432
f 486 432 433
f 487 433 434
f 434 435 489
f 435 436 490
f 436 437 491
f 437 438 492
f 438 439 493
f 496 497 498
f 445 444 498
f 441 445 497
f 494 497 496
f 500 446 447
f 501 447 448
f 502 448 449
f 503 449 450
f 504 450 451
f 451 452 506
f 452 453 507
f 453 454 508
f 454 455 509
f 455 456 510
f 456 457 511
f 457 399 512
f 518 463 464
f 519 464 465
f 520 465 466
f 521 466 467
f 522 467 468
f 523 468 469
f 524 469 470
f 470 471 526
f 526 471 472
f 527 472 473
f 528 473 474
f 532 533 534
f 479 478 533
f 536 480 481
f 537 481 482
f 538 482 483
f 539 483 484
f 540 484 485
f 541 485 486
f 542 486 487
f 543 487 488
f 488 489 545
f 489 490 546
f 492 493 549
f 552 553 554
f 552 496 499
f 495 496 552
f 550 552 555
f 557 500 501
f 558 501 502
f 559 502 503
f 560 503 504
f 504 505 562
f 505 506 563
f 506 507 564
f 508 565 564
f 565 508 509
f 511 512 568
f 569 570 568
f 512 400 513
f 513 402 459
f 518 519 574
f 519 520 575
f 521 522 577
f 522 523 578
f 523 524 579
f 524 525 580
f 580 525 526
f 526 527 582
f 527 528 583
f 528 529 584
f 588 589 590
f 588 535 534
f 591 536 537
f 592 537 538
f 593 538 539
f 594 539 540
f 595 540 541
f 596 541 542
f 597 542 543
f 598 543 544
f 544 545 600
f 545 546 601
f 546 547 602
f 547 548 603
f 548 549 604
f 607 608 609
f 555 554 608
f 551 555 607
f 605 607 610
f 612 611 608
f 557 558 613
f 558 559 614
f 559 560 615
f 560 561 616
f 562 617 616
f 617 562 563
f 618 563 564
f 619 564 565
f 620 565 566
f 621 566 567
f 570 623 622
f 513 571 624
f 625 459 458
f 627 514 515
f 630 573 574
f 634 577 578
f 635 578 579
f 636 579 580
f 580 581 638
f 638 581 582
f 639 582 583
f 640 583 584
f 641 584 585
f 644 645 646
f 587 590 645
f 648 591 592
f 649 592 593
f 650 593 594
f 651 594 595
f 652 595 596
f 653 596 597
f 654 597 598
f 655 598 599
f 599 600 657
f 600 601 658
f 601 602 659
f 602 603 660
f 603 604 661
f 662 663 661
f 664 665 666
f 611 671 665
f 606 610 664
f 673 612 613
f 674 613 614
f 675 614 615
f 676 615 616
f 677 616 617
f 617 618 679
f 618 619 680
f 619 620 681
f 620 621 682
f 621 622 683
f 623 570 685
f 628 688 687
f 689 629 630
f 630 631 692
f 631 632 693
f 632 633 694
f 633 634 695
f 634 635 696
f 635 636 697
f 636 637 698
f 698 637 638
f 638 639 700
f 639 640 701
f 640 641 702
f 641 642 703
f 705 706 707
f 647 646 707
f 709 648 649
f 710 649 650
f 711 650 651
f 712 651 652
f 713 652 653
f 714 653 654
f 715 654 655
f 716 655 656
f 656 657 718
f 657 658 719
f 658 659 720
f 659 660 721
f 661 722 721
f 663 723 722
f 673 674 739
f 674 675 740
f 675 676 741
f 676 677 742
f 677 678 743
f 743 678 679
f 744 679 680
f 745 680 681
f 746 681 682
f 747 682 683
f 683 623 749
f 752 753 751
f 628 690 754
f 689 755 754
f 689 691 756
f 692 757 756
f 692 693 758
f 696 761 760
f 697 762 761
f 698 763 762
f 763 698 699
f 699 700 765
f 765 700 701
f 701 702 767
f 703 768 767
f 769 770 771
f 769 705 708
f 710 774 773
f 711 775 774
f 712 776 775
f 713 777 776
f 714 778 777
f 778 714 715
f 716 780 779
f 717 781 780
f 718 782 781
f 719 783 782
f 719 720 784
f 721 785 784
f 722 786 785
f 787 788 786
f 738 799 724
f 739 801 800
f 740 802 801
f 741 803 802
f 803 741 742
f 742 743 805
f 744 806 805
f 745 807 806
f 745 746 808
f 746 747 809
f 749 811 810
f 749 684 813
f 755 756 818
f 818 756 757
f 819 757 758
f 821 759 760
f 822 760 761
f 823 761 762
f 824 762 763
f 763 764 826
f 826 764 765
f 827 765 766
f 828 766 767
f 829 767 768
f 832 833 834
f 772 771 834
f 773 774 837
f 774 775 838
f 775 776 839
f 776 777 840
f 777 778 841
f 778 779 842
f 779 780 843
f 780 781 844
f 844 781 782
f 845 782 783
f 846 783 784
f 847 784 785
f 848 785 786
f 853 851 850
f 800 853 789
f 863 800 801
f 864 801 802
f 865 802 803
f 866 803 804
f 867 804 805
f 805 806 869
f 806 807 870
f 807 808 871
f 808 809 872
f 809 810 873
f 814 686 753
f 818 819 878
f 819 820 879
f 821 822 881
f 822 823 882
f 823 824 883
f 824 825 884
f 884 825 826
f 826 827 886
f 827 828 887
f 828 829 888
f 829 830 889
f 891 892 893
f 892 832 835
f 836 837 896
f 837 838 897
f 838 839 898
f 839 840 899
f 840 841 900
f 841 842 901
f 842 843 902
f 843 844 903
f 903 844 845
f 904 845 846
f 905 846 847
f 906 847 848
f 907 848 849
f 849 788 909
f 862 914 911
f 913 916 915
f 910 909 913
f 863 864 918
f 864 865 919
f 865 866 920
f 866 867 921
f 867 868 922
f 922 868 869
f 923 869 870
f 924 870 871
f 925 871 872
f 926 872 873
f 927 873 811
f 812 813 930
f 936 876 878
f 937 878 879
f 939 880 881
f 940 881 882
f 941 882 883
f 942 883 884
f 884 885 944
f 944 885 886
f 945 886 887
f 946 887 888
f 949 950 951
f 891 894 950
f 895 896 954
f 896 897 955
f 897 898 956
f 898 899 957
f 899 900 958
f 900 901 959
f 901 902 960
f 902 903 961
f 961 903 904
f 962 904 905
f 963 905 906
f 964 906 907
f 965 907 908
f 969 970 971
f 970 912 914
f 967 910 912
f 968 967 970
f 917 973 971
f 974 917 918
f 975 918 919
f 976 919 920
f 977 920 921
f 978 921 922
f 922 923 980
f 923 924 981
f 924 925 982
f 925 926 983
f 926 927 984
f 927 928 985
f 936 937 993
f 937 938 994
f 939 940 996
f 940 941 997
f 941 942 998
f 942 943 999
f 999 943 944
f 944 945 1001
f 945 946 1002
f 946 947 1003
f 1007 1008 1009
f 951 1009 1008
f 953 954 1012
f 954 955 1013
f 955 956 1014
f 956 957 1015
f 957 958 1016
f 958 959 1017
f 959 960 1018
f 960 961 1019
f 1019 961 962
f 1020 962 963
f 1023 965 966
f 1027 1028 1029
f 1027 969 972
f 1025 968 969
f 1026 1025 1027
f 974 975 1032
f 975 976 1033
f 976 977 1034
f 977 978 1035
f 979 1036 1035
f 1036 979 980
f 1037 980 981
f 1038 981 982
f 1039 982 983
f 929 930 1043
f 987 1044 1043
f 989 990 1045
f 991 1047 1045
f 1047 991 992
f 992 993 1049
f 993 994 1050
f 994 995 1051
f 995 996 1052
f 996 997 1053
f 997 998 1054
f 998 999 1055
f 1055 999 1000
f 1001 1057 1056
f 1001 1002 1058
f 1002 1003 1059
f 1003 1004 1060
f 1061 1062 1063
f 1061 1007 1010
f 1011 1012 1066
f 1012 1013 1067
f 1013 1014 1068
f 1014 1015 1069
f 1015 1016 1070
f 1016 1017 1071
f 1017 1018 1072
f 1018 1019 1073
f 1073 1019 1020
f 1074 1020 1021
f 1075 1021 1022
f 1076 1022 1023
f 1077 1023 1024
f 1081 1082 1083
f 1030 1029 1083
f 1079 1026 1030
f 1080 1079 1082
f 1031 1032 1086
f 1032 1033 1087
f 1033 1034 1088
f 1034 1035 1089
f 1035 1036 1090
f 1090 1036 1037
f 1091 1037 1038
f 1092 1038 1039
f 1093 1039 1040
f 1094 1040 1041
f 1042 1043 1097
f 987 986 1099
f 1099 986 933
f 1047 1048 1104
f 1104 1048 1049
f 1105 1049 1050
f 1107 1051 1052
f 1108 1052 1053
f 1109 1053 1054
f 1110 1054 1055
f 1055 1056 1112
f 1112 1056 1057
f 1113 1057 1058
f 1114 1058 1059
f 1115 1059 1060
f 1118 1119 1120
f 1064 1063 1120
f 1065 1066 1123
f 1066 1067 1124
f 1067 1068 1125
f 1068 1069 1126
f 1069 1070 1127
f 1070 1071 1128
f 1071 1072 1129
f 1072 1073 1130
f 1130 1073 1074
f 1131 1074 1075
f 1132 1075 1076
f 1133 1076 1077
f 1134 1077 1078
f 1138 1139 1140
f 1138 1081 1084
f 1136 1080 1081
f 1137 1136 1138
f 1143 1085 1086
f 1144 1086 1087
f 1145 1087 1088
f 1146 1088 1089
f 1147 1089 1090
f 1090 1091 1149
f 1091 1092 1150
f 1092 1093 1151
f 1093 1094 1152
f 1094 1095 1153
f 1101 1046 1156
f 1104 1105 1159
f 1105 1106 1160
f 1107 1108 1162
f 1108 1109 1163
f 1109 1110 1164
f 1110 1111 1165
f 1165 1111 1112
f 1112 1113 1167
f 1113 1114 1168
f 1114 1115 1169
f 1115 1116 1170
f 1172 1173 1174
f 1173 1118 1121
f 1176 1122 1123
f 1177 1123 1124
f 1178 1124 1125
f 1179 1125 1126
f 1180 1126 1127
f 1181 1127 1128
f 1182 1128 1129
f 1183 1129 1130
f 1130 1131 1185
f 1131 1132 1186
f 1132 1133 1187
f 1133 1134 1188
f 1134 1135 1189
f 1192 1193 1194
f 1141 1140 1193
f 1137 1141 1192
f 1190 1192 1195
f 1143 1144 1197
f 1144 1145 1198
f 1145 1146 1199
f 1146 1147 1200
f 1147 1148 1201
f 1201 1148 1149
f 1202 1149 1150
f 1203 1150 1151
f 1204 1151 1152
f 1205 1152 1153
f 1153 1095 1207
f 1096 1097 1209
f 1097 1044 1210
f 1214 1157 1159
f 1215 1159 1160
f 1217 1161 1162
f 1218 1162 1163
f 1219 1163 1164
f 1220 1164 1165
f 1165 1166 1222
f 1222 1166 1167
f 1223 1167 1168
f 1224 1168 1169
f 1227 1228 1229
f 1172 1175 1228
f 1231 1176 1177
f 1232 1177 1178
f 1233 1178 1179
f 1234 1179 1180
f 1235 1180 1181
f 1236 1181 1182
f 1237 1182 1183
f 1238 1183 1184
f 1184 1185 1240
f 1185 1186 1241
f 1187 1188 1243
f 1188 1189 1244
f 1247 1248 1249
f 1195 1194 1248
f 1191 1195 1247
f 1245 1247 1250
f 1252 1196 1197
f 1253 1197 1198
f 1254 1198 1199
f 1255 1199 1200
f 1200 1201 1257
f 1201 1202 1258
f 1202 1203 1259
f 1203 1204 1260
f 1204 1205 1261
f 1205 1206 1262
f 1207 1263 1262
f 1208 1264 1263
f 1209 1265 1264
f 1210 1266 1265
f 1214 1215 1273
f 1215 1216 1274
f 1218 1219 1277
f 1219 1220 1278
f 1220 1221 1279
f 1279 1221 1222
f 1222 1223 1281
f 1223 1224 1282
f 1224 1225 1283
f 1287 1288 1289
f 1230 1229 1289
f 1291 1231 1232
f 1292 1232 1233
f 1293 1233 1234
f 1294 1234 1235
f 1295 1235 1236
f 1296 1236 1237
f 1297 1237 1238
f 1298 1238 1239
f 1239 1240 1300
f 1240 1241 1301
f 1242 1243 1303
f 1243 1244 1304
f 1307 1308 1309
f 1250 1249 1308
f 1246 1250 1307
f 1305 1307 1310
f 1251 1252 1312
f 1252 1253 1313
f 1253 1254 1314
f 1254 1255 1315
f 1255 1256 1316
f 1256 1257 1317
f 1317 1257 1258
f 1318 1258 1259
f 1259 1260 1320
f 1320 1260 1261
f 1321 1261 1262
f 1324 1269 1270
f 1325 1270 1271
f 1271 1272 1327
f 1327 1272 1273
f 1328 1273 1274
f 1330 1275 1276
f 1331 1276 1277
f 1332 1277 1278
f 1333 1278 1279
f 1279 1280 1335
f 1335 1280 1281
f 1336 1281 1282
f 1337 1282 1283
f 1338 1283 1284
f 1341 1342 1343
f 1341 1287 1290
f 1345 1291 1292
f 1346 1292 1293
f 1347 1293 1294
f 1348 1294 1295
f 1349 1295 1296
f 1350 1296 1297
f 1351 1297 1298
f 1352 1298 1299
f 1299 1300 1354
f 1300 1301 1355
f 1301 1302 1356
f 1302 1303 1357
f 1303 1304 1358
f 1359 1360 1358
f 1306 1310 1362
f 1359 1362 1364
f 1311 1312 1367
f 1367 1312 1313
f 1368 1313 1314
f 1369 1314 1315
f 1370 1315 1316
f 1316 1317 1372
f 1317 1318 1373
f 1318 1319 1374
f 1319 1320 1375
f 1264 1379 1378
f 1381 1325 1326
f 1326 1327 1383
f 1383 1327 1328
f 1384 1328 1329
f 1385 1329 1330
f 1386 1330 1331
f 1387 1331 1332
f 1388 1332 1333
f 1389 1333 1334
f 1334 1335 1391
f 1391 1335 1336
f 1392 1336 1337
f 1393 1337 1338
f 1394 1338 1339
f 1397 1398 1399
f 1344 1343 1399
f 1401 1345 1346
f 1402 1346 1347
f 1403 1347 1348
f 1404 1348 1349
f 1405 1349 1350
f 1406 1350 1351
f 1407 1351 1352
f 1408 1352 1353
f 1353 1354 1410
f 1354 1355 1411
f 1355 1356 1412
f 1356 1357 1413
f 1357 1358 1414
f 1364 1363 1421
f 1428 1429 1415
f 1428 1367 1368
f 1430 1368 1369
f 1431 1369 1370
f 1432 1370 1371
f 1371 1372 1434
f 1372 1373 1435
f 1373 1374 1436
f 1374 1375 1437
f 1375 1376 1438
f 1376 1377 1439
f 1377 1378 1440
f 1381 1382 112
f 1383 1384 6
f 1384 1385 8
f 1386 1387 12
f 1387 1388 14
f 1388 1389 16
f 1389 1390 18
f 18 1390 1391
f 1391 1392 22
f 1392 1393 24
f 1393 1394 26
f 1394 1395 30
f 35 1441 1442
f 1441 1397 1400
f 38 1401 1402
f 39 1402 1403
f 41 1403 1404
f 43 1404 1405
f 45 1405 1406
f 47 1406 1407
f 49 1407 1408
f 51 1408 1409
f 1409 1410 55
f 1410 1411 57
f 1411 1412 59
f 1412 1413 61
f 1413 1414 63
f 1428 1430 86
f 1430 1431 88
f 1431 1432 90
f 1432 1433 92
f 1433 1434 94
f 94 1434 1435
f 96 1435 1436
f 98 1436 1437
f 100 1437 1438
f 1439 1440 104
f 1379 107 106
f 178 235 109
f 686 750 624
f 875 934 815
