# OBJ created with rayvertex
v 0.299875 -0.276995 0.299871
v 0.333204 -0.303495 0.333204
v 0.316921 -0.334896 0.316925
v 0.333089 -0.275744 0.333089
v 0.336891 -0.288138 0.336891
v 0.294127 -0.272172 0.294127
v 0.267370 -0.363765 0.267370
v 0.336646 -0.279690 0.336646
v 0.290188 -0.253683 0.290188
v 0.266256 -0.192213 0.266260
v 0.279271 -0.208695 0.279275
v 0.287333 -0.228101 0.287333
v 0.217812 -0.423023 0.217812
v 0.233378 -0.416088 0.233378
v 0.226141 -0.421188 0.226141
v 0.245523 -0.399439 0.245523
v 0.176514 -0.448854 0.176514
v 0.174636 -0.460516 0.174636
v 0.170453 -0.471209 0.170453
v 0.138735 -0.401270 0.138735
v 0.168193 -0.404437 0.168190
v 0.185575 -0.409247 0.185579
v 0.169858 -0.401438 0.169858
v 0.163674 -0.208208 0.163674
v 0.131002 -0.482784 0.131006
v 0.299837 -0.167304 0.299833
v 0.292600 -0.168291 0.292600
v 0.305936 -0.157695 0.305940
v 0.295172 -0.169412 0.295169
v 0.277294 -0.141666 0.277298
v 0.304631 -0.106133 0.304627
v 0.310516 -0.119628 0.310516
v 0.312020 -0.135389 0.312016
v 0.269271 -0.132398 0.269271
v 0.287378 -0.083828 0.287382
v 0.261943 -0.130058 0.261943
v 0.272516 -0.067829 0.272516
v 0.163247 -0.204424 0.163247
v 0.243721 -0.153954 0.243725
v 0.248752 -0.166951 0.248756
v 0.159980 -0.198253 0.159976
v 0.243981 -0.142367 0.243981
v 0.243057 -0.147908 0.243061
v 0.147117 -0.187032 0.147117
v 0.235225 -0.043017 0.235229
v 0.254454 -0.131496 0.254454
v 0.248057 -0.135877 0.248057
v 0.232713 -0.006134 0.232713
v 0.230561 -0.022877 0.230557
v 0.148880 0.040853 0.148876
v 0.131307 0.003135 0.131307
v 0.232378 -0.037060 0.232378
v 0.124865 -0.003203 0.124865
v 0.149827 0.052309 0.149827
v 0.229316 0.126708 0.229316
v 0.246256 0.025970 0.246256
v 0.143659 -0.495857 0.143659
v 0.157758 -0.488002 0.157758
v 0.136750 -0.495146 0.136750
v 0.133384 -0.491399 0.133388
v 0.136994 -0.399674 0.136991
v 0.134613 -0.400905 0.134613
v 0.090253 -0.356168 0.090253
v 0.092856 -0.383085 0.092860
v 0.091207 -0.457537 0.091207
v 0.161544 -0.210219 0.161541
v 0.087276 -0.454178 0.087276
v 0.083642 -0.346571 0.083646
v 0.130949 -0.210449 0.130945
v 0.087421 -0.350549 0.087425
v 0.088528 -0.457828 0.088524
v 0.059039 -0.226996 0.059043
v 0.073940 -0.342706 0.073940
v 0.050795 -0.345531 0.050795
v 0.065948 -0.227793 0.065944
v 0.014779 -0.236089 0.014779
v 0.086078 -0.222965 0.086074
v 0.055993 -0.224363 0.055993
v 0.011031 -0.235821 0.011027
v 0.017573 -0.232074 0.017569
v 0.113712 -0.184071 0.113712
v 0.121910 -0.002710 0.121910
v 0.119437 0.003829 0.119437
v 0.071413 0.032913 0.071413
v 0.089826 0.045514 0.089826
v 0.121567 0.027934 0.121567
v 0.055779 -0.219261 0.055779
v 0.018619 -0.226106 0.018619
v 0.015015 -0.211305 0.015015
v 0.017573 -0.218602 0.017569
v 0.077375 -0.187166 0.077379
v 0.054001 0.028137 0.054001
v 0.061566 -0.204847 0.061570
v 0.011160 -0.205272 0.011164
v 0.049627 0.030007 0.049627
v 0.048169 0.033310 0.048165
v -0.107284 -0.003958 -0.107280
v 0.281936 0.062219 0.281936
v 0.285035 0.093411 0.285035
v 0.286630 0.077631 0.286630
v 0.285149 0.069193 0.285153
v 0.273241 0.114965 0.273245
v 0.279287 0.108020 0.279291
v 0.250866 0.243511 0.250866
v 0.275638 0.242128 0.275642
v 0.275592 0.240027 0.275592
v 0.247172 0.205265 0.247172
v 0.240752 0.249329 0.240748
v 0.225141 0.130811 0.225145
v 0.226339 0.162893 0.226343
v 0.223156 0.136566 0.223156
v 0.147208 0.058020 0.147205
v 0.111895 0.139638 0.111891
v 0.222782 0.144079 0.222778
v 0.150361 0.299657 0.150361
v 0.233065 0.262847 0.233068
v 0.109941 0.148089 0.109937
v 0.153987 0.303901 0.153983
v 0.229149 0.298447 0.229149
v 0.229271 0.280705 0.229274
v 0.232492 0.311626 0.232492
v 0.353555 0.404029 0.353555
v 0.316722 0.455794 0.316722
v 0.351792 0.427103 0.351788
v 0.350593 0.381549 0.350597
v 0.290348 0.432230 0.290344
v 0.333318 0.341900 0.333318
v 0.305547 0.315224 0.305547
v 0.287531 0.432349 0.287531
v 0.343517 0.451199 0.343513
v 0.329768 0.462051 0.329765
v 0.336051 0.460286 0.336055
v 0.224423 0.410188 0.224419
v 0.285737 0.435072 0.285741
v 0.272867 0.308587 0.272867
v 0.220324 0.407995 0.220324
v 0.239385 0.317114 0.239385
v 0.235538 0.315395 0.235542
v 0.248989 0.316133 0.248992
v 0.181224 0.402395 0.181220
v 0.184926 0.407321 0.184930
v 0.189102 0.410457 0.189102
v 0.281279 0.478148 0.281275
v 0.275569 0.482504 0.275569
v 0.279340 0.481225 0.279340
v 0.267302 0.478880 0.267302
v 0.249317 0.457226 0.249317
v 0.104574 0.069924 0.104578
v 0.111712 0.107001 0.111708
v 0.134055 0.054979 0.134055
v 0.144086 0.059722 0.144086
v 0.139208 0.059022 0.139204
v 0.146598 0.300465 0.146594
v 0.107788 0.150726 0.107788
v 0.138010 0.309556 0.138014
v 0.103948 0.149269 0.103948
v 0.122200 0.327997 0.122200
v 0.129132 0.048070 0.129132
v 0.080215 0.351385 0.080219
v 0.098154 0.140310 0.098154
v -0.032649 0.182100 -0.032646
v 0.072551 0.082305 0.072551
v -0.034787 0.192734 -0.034791
v -0.047634 0.217657 -0.047630
v 0.051001 0.042486 0.051005
v 0.132101 0.365587 0.132101
v 0.137162 0.383608 0.137166
v 0.136330 0.374766 0.136327
v 0.125055 0.359229 0.125055
v 0.072398 0.400612 0.072402
v 0.079291 0.399710 0.079295
v 0.136208 0.393116 0.136208
v 0.117941 0.415701 0.117937
v 0.130376 0.409227 0.130380
v 0.124643 0.414586 0.124643
v 0.066581 0.405065 0.066581
v -0.026932 0.372926 -0.026932
v 0.048069 0.455448 0.048073
v 0.008748 0.472728 0.008744
v 0.047848 0.465599 0.047848
v 0.029527 0.494974 0.029527
v 0.050100 0.474456 0.050096
v 0.016626 0.486968 0.016626
v 0.012084 0.480796 0.012080
v 0.000137 0.439587 0.000141
v 0.053070 0.433842 0.053073
v 0.073810 0.498110 0.073810
v 0.075337 0.495949 0.075337
v 0.060902 0.500000 0.060906
v 0.055871 0.482245 0.055875
v 0.061489 0.412589 0.061493
v 0.009023 -0.232994 0.009019
v -0.050764 -0.347330 -0.050760
v -0.034680 -0.201550 -0.034680
v -0.025283 -0.358400 -0.025283
v -0.109811 -0.370682 -0.109807
v -0.069887 -0.355938 -0.069887
v -0.075161 -0.379250 -0.075161
v -0.061833 -0.347087 -0.061833
v -0.066322 -0.350115 -0.066322
v -0.118735 -0.279473 -0.118731
v -0.087398 -0.395137 -0.087402
v -0.079123 -0.394178 -0.079123
v -0.037314 -0.201466 -0.037314
v 0.007214 -0.226028 0.007218
v 0.008748 -0.205216 0.008744
v 0.007214 -0.209513 0.007218
v -0.034291 -0.196528 -0.034287
v -0.122735 -0.294993 -0.122735
v -0.082314 -0.397427 -0.082310
v -0.144651 -0.332342 -0.144651
v -0.112948 -0.369937 -0.112948
v -0.115078 -0.372650 -0.115078
v -0.119414 -0.273156 -0.119418
v -0.157911 -0.420746 -0.157915
v -0.126880 -0.460314 -0.126876
v -0.121773 -0.270534 -0.121769
v -0.098101 -0.146013 -0.098101
v -0.041627 -0.182871 -0.041623
v -0.037443 -0.188034 -0.037443
v -0.045810 -0.183915 -0.045810
v -0.047298 -0.188951 -0.047295
v -0.044344 -0.195174 -0.044344
v -0.097490 -0.142392 -0.097490
v -0.103811 -0.125536 -0.103811
v -0.151277 -0.197760 -0.151273
v -0.102231 -0.144613 -0.102231
v -0.158209 -0.495103 -0.158212
v -0.154178 -0.444213 -0.154178
v -0.143750 -0.492419 -0.143750
v -0.152048 -0.499601 -0.152052
v -0.156521 -0.500000 -0.156521
v -0.151002 -0.261432 -0.150998
v -0.142575 -0.269207 -0.142575
v -0.148789 -0.266212 -0.148785
v -0.197118 -0.382552 -0.197118
v -0.168400 -0.404314 -0.168403
v -0.196430 -0.388169 -0.196434
v -0.197919 -0.385569 -0.197923
v -0.218011 -0.321905 -0.218007
v -0.214324 -0.319162 -0.214320
v -0.215576 -0.322576 -0.215580
v -0.214049 -0.291370 -0.214045
v -0.255317 -0.277882 -0.255317
v -0.208469 -0.236640 -0.208469
v -0.280004 -0.263926 -0.280008
v -0.280073 -0.252550 -0.280073
v -0.152781 -0.193367 -0.152781
v -0.195179 -0.209374 -0.195175
v -0.218492 -0.166782 -0.218488
v -0.177514 -0.191728 -0.177514
v -0.213171 -0.153353 -0.213171
v -0.156117 -0.188849 -0.156117
v -0.168781 -0.187487 -0.168781
v -0.132254 -0.105042 -0.132254
v -0.161033 -0.186818 -0.161033
v -0.212057 -0.143716 -0.212060
v -0.136559 -0.095440 -0.136559
v -0.238462 -0.196136 -0.238462
v -0.214652 -0.135313 -0.214652
v -0.281600 -0.259988 -0.281600
v -0.344998 -0.161319 -0.344998
v -0.350280 -0.154839 -0.350276
v -0.340288 -0.162383 -0.340284
v -0.350830 -0.106582 -0.350826
v -0.321471 -0.050874 -0.321474
v -0.288722 -0.125278 -0.288718
v -0.319142 -0.151275 -0.319142
v -0.218293 -0.129933 -0.218293
v -0.138117 -0.088339 -0.138120
v -0.353555 -0.139363 -0.353555
v -0.333562 -0.160740 -0.333566
v -0.107055 0.011442 -0.107055
v -0.109109 0.018685 -0.109105
v -0.112910 0.021856 -0.112906
v -0.185392 0.167272 -0.185396
v -0.054520 0.198430 -0.054524
v -0.035382 0.181138 -0.035382
v -0.076337 0.225942 -0.076337
v -0.027512 0.370122 -0.027512
v -0.112582 -0.013094 -0.112582
v -0.109574 -0.010053 -0.109570
v -0.133437 -0.086228 -0.133433
v -0.122261 -0.011803 -0.122261
v -0.117948 -0.013750 -0.117948
v -0.137346 -0.085841 -0.137342
v -0.125361 -0.007845 -0.125361
v -0.126490 -0.002336 -0.126494
v -0.121093 0.015731 -0.121090
v -0.125865 0.003976 -0.125868
v -0.205789 0.124484 -0.205786
v -0.083055 0.237273 -0.083051
v -0.195576 0.137797 -0.195576
v -0.117811 0.019610 -0.117807
v -0.004771 0.434975 -0.004771
v -0.064306 0.235902 -0.064306
v -0.030176 0.370183 -0.030172
v -0.050054 0.383549 -0.050054
v -0.078314 0.243928 -0.078310
v -0.014848 0.435342 -0.014844
v -0.047321 0.420580 -0.047321
v -0.062093 0.463409 -0.062093
v -0.183873 0.199167 -0.183873
v -0.084085 0.242054 -0.084089
v -0.176323 0.311120 -0.176327
v -0.083085 0.244146 -0.083089
v -0.174812 0.317415 -0.174808
v -0.141697 0.391869 -0.141701
v -0.096337 0.408019 -0.096341
v -0.063642 0.461205 -0.063646
v -0.217843 0.116198 -0.217847
v -0.229087 -0.121217 -0.229091
v -0.256523 -0.113392 -0.256523
v -0.306402 -0.028042 -0.306398
v -0.307394 -0.025824 -0.307390
v -0.244836 0.108727 -0.244836
v -0.294104 0.096877 -0.294100
v -0.308883 -0.033564 -0.308886
v -0.335219 -0.026804 -0.335215
v -0.347250 0.007410 -0.347250
v -0.324723 -0.027023 -0.324723
v -0.335173 0.047938 -0.335173
v -0.316035 0.079833 -0.316039
v -0.348196 -0.010663 -0.348200
v -0.343608 -0.022842 -0.343604
v -0.346692 -0.017697 -0.346692
v -0.181896 0.302834 -0.181896
v -0.187087 0.212364 -0.187083
v -0.209973 0.244905 -0.209976
v -0.174590 0.324544 -0.174594
v -0.177575 0.340131 -0.177571
v -0.154063 0.395294 -0.154063
v -0.184323 0.355545 -0.184320
v -0.193881 0.368452 -0.193881
v -0.219087 0.451270 -0.219087
v -0.229400 0.264393 -0.229397
v -0.238469 0.276525 -0.238465
v -0.237019 0.283836 -0.237019
v -0.237401 0.386744 -0.237397
v -0.239317 0.280835 -0.239313
v -0.243630 0.445164 -0.243626
v -0.231622 0.452750 -0.231622
v -0.255195 0.426052 -0.255195
v -0.257172 0.394373 -0.257176
v -0.260065 0.399061 -0.260069
v -0.260699 0.405597 -0.260699
v 0.000000 -0.276995 0.424083
v 0.000000 -0.303496 0.471221
v 0.000000 -0.334896 0.448198
v 0.000000 -0.275744 0.471061
v 0.000000 -0.288138 0.476435
v 0.000000 -0.272172 0.415961
v 0.000000 -0.363765 0.378120
v 0.000000 -0.279690 0.476091
v 0.000000 -0.253683 0.410388
v 0.000000 -0.192213 0.376548
v 0.000000 -0.208695 0.394953
v 0.000000 -0.228101 0.406350
v 0.000000 -0.423023 0.308035
v 0.000000 -0.416088 0.330043
v 0.000000 -0.421188 0.319814
v 0.000000 -0.399439 0.347219
v 0.000000 -0.448854 0.249630
v 0.000000 -0.460516 0.246973
v 0.000000 -0.471209 0.241057
v 0.000000 -0.401270 0.196201
v 0.000000 -0.404437 0.237859
v 0.000000 -0.409247 0.262447
v 0.000000 -0.401438 0.240217
v 0.000000 -0.208208 0.231469
v 0.000000 -0.482784 0.185270
v 0.000000 -0.167304 0.424029
v 0.000000 -0.168291 0.413800
v 0.000000 -0.157695 0.432663
v 0.000000 -0.169412 0.417434
v 0.000000 -0.141666 0.392159
v 0.000000 -0.106133 0.430808
v 0.000000 -0.119628 0.439136
v 0.000000 -0.135389 0.441259
v 0.000000 -0.132398 0.380807
v 0.000000 -0.083828 0.406418
v 0.000000 -0.130058 0.370441
v 0.000000 -0.067829 0.385395
v 0.000000 -0.204424 0.230866
v 0.000000 -0.153954 0.344677
v 0.000000 -0.166951 0.351792
v 0.000000 -0.198253 0.226240
v 0.000000 -0.142367 0.345043
v 0.000000 -0.147908 0.343738
v 0.000000 -0.187032 0.208057
v 0.000000 -0.043017 0.332662
v 0.000000 -0.131496 0.359853
v 0.000000 -0.135877 0.350807
v 0.000000 -0.006134 0.329104
v 0.000000 -0.022878 0.326058
v 0.000000 0.040853 0.210545
v 0.000000 0.003135 0.185697
v 0.000000 -0.037060 0.328631
v 0.000000 -0.003203 0.176583
v 0.000000 0.052309 0.211889
v 0.000000 0.126708 0.324303
v 0.000000 0.025970 0.348257
v 0.000000 -0.495857 0.203163
v 0.000000 -0.488002 0.223103
v 0.000000 -0.495146 0.193392
v 0.000000 -0.491399 0.188636
v 0.000000 -0.399674 0.193736
v 0.000000 -0.400905 0.190369
v 0.000000 -0.356168 0.127636
v 0.000000 -0.383085 0.131323
v 0.000000 -0.457537 0.128987
v 0.000000 -0.210219 0.228454
v 0.000000 -0.454178 0.123429
v 0.000000 -0.346571 0.118292
v 0.000000 -0.210449 0.185186
v 0.000000 -0.350549 0.123635
v 0.000000 -0.457828 0.125193
v 0.000000 -0.226996 0.083497
v 0.000000 -0.342706 0.104566
v 0.000000 -0.345531 0.071833
v 0.000000 -0.227793 0.093261
v 0.000000 -0.236089 0.020901
v 0.000000 -0.222965 0.121727
v 0.000000 -0.224363 0.079184
v 0.000000 -0.235821 0.015596
v 0.000000 -0.232074 0.024848
v 0.000000 -0.184071 0.160812
v 0.000000 -0.002710 0.172407
v 0.000000 0.003829 0.168911
v 0.000000 0.032913 0.100994
v 0.000000 0.045514 0.127032
v 0.000000 0.027934 0.171919
v 0.000000 -0.219261 0.078887
v 0.000000 -0.226106 0.026329
v 0.000000 -0.211305 0.021237
v 0.000000 -0.218602 0.024848
v 0.000000 -0.187166 0.109429
v 0.000000 0.028137 0.076368
v 0.000000 -0.204847 0.087070
v 0.000000 -0.205272 0.015787
v 0.000000 0.030007 0.070184
v 0.000000 0.033310 0.068116
v 0.000000 -0.003958 -0.151720
v 0.000000 0.062219 0.398716
v 0.000000 0.093411 0.403098
v 0.000000 0.077631 0.405357
v 0.000000 0.069193 0.403266
v 0.000000 0.114965 0.386426
v 0.000000 0.108020 0.394975
v 0.000000 0.243511 0.354776
v 0.000000 0.242128 0.389815
v 0.000000 0.240027 0.389746
v 0.000000 0.205265 0.349555
v 0.000000 0.249329 0.340471
v 0.000000 0.130811 0.318402
v 0.000000 0.162893 0.320096
v 0.000000 0.136566 0.315593
v 0.000000 0.058020 0.208179
v 0.000000 0.139638 0.158239
v 0.000000 0.144079 0.315058
v 0.000000 0.299657 0.212644
v 0.000000 0.262847 0.329608
v 0.000000 0.148089 0.155476
v 0.000000 0.303901 0.217767
v 0.000000 0.298447 0.324066
v 0.000000 0.280705 0.324242
v 0.000000 0.311626 0.328791
v 0.000000 0.404029 0.500000
v 0.000000 0.455794 0.447915
v 0.000000 0.427103 0.497504
v 0.000000 0.381549 0.495817
v 0.000000 0.432229 0.410609
v 0.000000 0.341900 0.471381
v 0.000000 0.315224 0.432106
v 0.000000 0.432349 0.406632
v 0.000000 0.451199 0.485801
v 0.000000 0.462051 0.466358
v 0.000000 0.460286 0.475252
v 0.000000 0.410188 0.317379
v 0.000000 0.435072 0.404098
v 0.000000 0.308587 0.385891
v 0.000000 0.407995 0.311585
v 0.000000 0.317114 0.338540
v 0.000000 0.315395 0.333104
v 0.000000 0.316133 0.352128
v 0.000000 0.402395 0.256286
v 0.000000 0.407321 0.261531
v 0.000000 0.410457 0.267432
v 0.000000 0.478148 0.397785
v 0.000000 0.482504 0.389716
v 0.000000 0.481225 0.395044
v 0.000000 0.478880 0.378021
v 0.000000 0.457226 0.352586
v 0.000000 0.069924 0.147895
v 0.000000 0.107001 0.157980
v 0.000000 0.054979 0.189583
v 0.000000 0.059722 0.203766
v 0.000000 0.059022 0.196866
v 0.000000 0.300465 0.207316
v 0.000000 0.150726 0.152437
v 0.000000 0.309556 0.195179
v 0.000000 0.149269 0.147002
v 0.000000 0.327997 0.172819
v 0.000000 0.048070 0.182621
v 0.000000 0.351385 0.113444
v 0.000000 0.140310 0.138811
v 0.000000 0.182100 -0.046169
v 0.000000 0.082305 0.102605
v 0.000000 0.192734 -0.049199
v 0.000000 0.217657 -0.067360
v 0.000000 0.042486 0.072131
v 0.000000 0.365587 0.186820
v 0.000000 0.383608 0.193980
v 0.000000 0.374766 0.192797
v 0.000000 0.359229 0.176858
v 0.000000 0.400612 0.102391
v 0.000000 0.399710 0.112139
v 0.000000 0.393116 0.192629
v 0.000000 0.415701 0.166789
v 0.000000 0.409227 0.184384
v 0.000000 0.414586 0.176270
v 0.000000 0.405065 0.094162
v 0.000000 0.372926 -0.038085
v 0.000000 0.455448 0.067986
v 0.000000 0.472728 0.012367
v 0.000000 0.465599 0.067665
v 0.000000 0.494974 0.041756
v 0.000000 0.474456 0.070848
v 0.000000 0.486968 0.023512
v 0.000000 0.480796 0.017084
v 0.000000 0.439587 0.000198
v 0.000000 0.433842 0.075055
v 0.000000 0.498110 0.104383
v 0.000000 0.495949 0.106544
v 0.000000 0.500000 0.086131
v 0.000000 0.482245 0.079016
v 0.000000 0.412589 0.086963
v 0.000000 -0.232994 0.012756
v 0.000000 -0.347330 -0.071787
v 0.000000 -0.201550 -0.049047
v 0.000000 -0.358400 -0.035756
v 0.000000 -0.370682 -0.155292
v 0.000000 -0.355938 -0.098834
v 0.000000 -0.379250 -0.106292
v 0.000000 -0.347087 -0.087444
v 0.000000 -0.350115 -0.093795
v 0.000000 -0.279473 -0.167911
v 0.000000 -0.395137 -0.123605
v 0.000000 -0.394178 -0.111895
v 0.000000 -0.201465 -0.052772
v 0.000000 -0.226028 0.010206
v 0.000000 -0.205216 0.012367
v 0.000000 -0.209513 0.010206
v 0.000000 -0.196528 -0.048489
v 0.000000 -0.294993 -0.173575
v 0.000000 -0.397427 -0.116406
v 0.000000 -0.332342 -0.204568
v 0.000000 -0.369937 -0.159735
v 0.000000 -0.372650 -0.162743
v 0.000000 -0.273156 -0.168880
v 0.000000 -0.420746 -0.223324
v 0.000000 -0.460314 -0.179430
v 0.000000 -0.270534 -0.172209
v 0.000000 -0.146013 -0.138735
v 0.000000 -0.182871 -0.058863
v 0.000000 -0.188034 -0.052955
v 0.000000 -0.183915 -0.064787
v 0.000000 -0.188951 -0.066887
v 0.000000 -0.195174 -0.062711
v 0.000000 -0.142392 -0.137872
v 0.000000 -0.125536 -0.146811
v 0.000000 -0.197760 -0.213935
v 0.000000 -0.144613 -0.144575
v 0.000000 -0.495103 -0.223744
v 0.000000 -0.444213 -0.218041
v 0.000000 -0.492419 -0.203293
v 0.000000 -0.499601 -0.215034
v 0.000000 -0.500000 -0.221355
v 0.000000 -0.261432 -0.213545
v 0.000000 -0.269207 -0.201629
v 0.000000 -0.266212 -0.210415
v 0.000000 -0.382552 -0.278768
v 0.000000 -0.404314 -0.238156
v 0.000000 -0.388169 -0.277798
v 0.000000 -0.385569 -0.279905
v 0.000000 -0.321905 -0.308310
v 0.000000 -0.319162 -0.303096
v 0.000000 -0.322576 -0.304875
v 0.000000 -0.291370 -0.302707
v 0.000000 -0.277882 -0.361074
v 0.000000 -0.236640 -0.294821
v 0.000000 -0.263926 -0.395991
v 0.000000 -0.252550 -0.396082
v 0.000000 -0.193367 -0.216064
v 0.000000 -0.209374 -0.276019
v 0.000000 -0.166782 -0.308989
v 0.000000 -0.191728 -0.251042
v 0.000000 -0.153353 -0.301470
v 0.000000 -0.188849 -0.220782
v 0.000000 -0.187487 -0.238691
v 0.000000 -0.105042 -0.187033
v 0.000000 -0.186818 -0.227736
v 0.000000 -0.143716 -0.299898
v 0.000000 -0.095440 -0.193125
v 0.000000 -0.196136 -0.337234
v 0.000000 -0.135313 -0.303562
v 0.000000 -0.259988 -0.398243
v 0.000000 -0.161319 -0.487901
v 0.000000 -0.154839 -0.495366
v 0.000000 -0.162383 -0.481236
v 0.000000 -0.106582 -0.496145
v 0.000000 -0.050874 -0.454633
v 0.000000 -0.125278 -0.408312
v 0.000000 -0.151275 -0.451335
v 0.000000 -0.129933 -0.308715
v 0.000000 -0.088339 -0.195331
v 0.000000 -0.139363 -0.500000
v 0.000000 -0.160740 -0.471732
v 0.000000 0.011442 -0.151399
v 0.000000 0.018685 -0.154300
v 0.000000 0.021856 -0.159674
v 0.000000 0.167272 -0.262187
v 0.000000 0.198430 -0.077108
v 0.000000 0.181138 -0.050039
v 0.000000 0.225942 -0.107956
v 0.000000 0.370122 -0.038909
v 0.000000 -0.013094 -0.159216
v 0.000000 -0.010053 -0.154957
v 0.000000 -0.086228 -0.188705
v 0.000000 -0.011803 -0.172903
v 0.000000 -0.013750 -0.166804
v 0.000000 -0.085841 -0.194232
v 0.000000 -0.007845 -0.177285
v 0.000000 -0.002336 -0.178888
v 0.000000 0.015731 -0.171247
v 0.000000 0.003976 -0.178003
v 0.000000 0.124484 -0.291027
v 0.000000 0.237273 -0.117452
v 0.000000 0.137797 -0.276584
v 0.000000 0.019610 -0.166606
v 0.000000 0.434975 -0.006748
v 0.000000 0.235902 -0.090940
v 0.000000 0.370183 -0.042672
v 0.000000 0.383549 -0.070787
v 0.000000 0.243928 -0.110750
v 0.000000 0.435342 -0.020993
v 0.000000 0.420580 -0.066925
v 0.000000 0.463409 -0.087811
v 0.000000 0.199167 -0.260035
v 0.000000 0.242054 -0.118918
v 0.000000 0.311120 -0.249363
v 0.000000 0.244146 -0.117506
v 0.000000 0.317415 -0.247218
v 0.000000 0.391869 -0.200392
v 0.000000 0.408019 -0.136246
v 0.000000 0.461205 -0.090009
v 0.000000 0.116198 -0.308081
v 0.000000 -0.121217 -0.323982
v 0.000000 -0.113392 -0.362777
v 0.000000 -0.028042 -0.433312
v 0.000000 -0.025824 -0.434717
v 0.000000 0.108727 -0.346250
v 0.000000 0.096877 -0.415922
v 0.000000 -0.033563 -0.436831
v 0.000000 -0.026804 -0.474068
v 0.000000 0.007410 -0.491084
v 0.000000 -0.027023 -0.459228
v 0.000000 0.047938 -0.474007
v 0.000000 0.079833 -0.446946
v 0.000000 -0.010663 -0.492427
v 0.000000 -0.022842 -0.485931
v 0.000000 -0.017697 -0.490298
v 0.000000 0.302834 -0.257241
v 0.000000 0.212364 -0.264577
v 0.000000 0.244905 -0.296951
v 0.000000 0.324544 -0.246912
v 0.000000 0.340131 -0.251126
v 0.000000 0.395294 -0.217881
v 0.000000 0.355545 -0.260668
v 0.000000 0.368452 -0.274187
v 0.000000 0.451270 -0.309837
v 0.000000 0.264393 -0.324417
v 0.000000 0.276525 -0.337242
v 0.000000 0.283836 -0.335196
v 0.000000 0.386744 -0.335730
v 0.000000 0.280835 -0.338440
v 0.000000 0.445164 -0.344540
v 0.000000 0.452750 -0.327562
v 0.000000 0.426052 -0.360899
v 0.000000 0.394373 -0.363700
v 0.000000 0.399061 -0.367792
v 0.000000 0.405597 -0.368685
v -0.299875 -0.276995 0.299871
v -0.333204 -0.303495 0.333204
v -0.316921 -0.334896 0.316925
v -0.333089 -0.275744 0.333089
v -0.336891 -0.288138 0.336891
v -0.294127 -0.272172 0.294127
v -0.267370 -0.363765 0.267370
v -0.336646 -0.279690 0.336646
v -0.290188 -0.253683 0.290188
v -0.266256 -0.192213 0.266260
v -0.279271 -0.208695 0.279275
v -0.287333 -0.228101 0.287333
v -0.217812 -0.423023 0.217812
v -0.233378 -0.416088 0.233378
v -0.226141 -0.421188 0.226141
v -0.245523 -0.399439 0.245523
v -0.176514 -0.448854 0.176514
v -0.174636 -0.460516 0.174636
v -0.170453 -0.471209 0.170453
v -0.138735 -0.401270 0.138735
v -0.168193 -0.404437 0.168190
v -0.185575 -0.409247 0.185579
v -0.169858 -0.401438 0.169858
v -0.163674 -0.208208 0.163674
v -0.131002 -0.482784 0.131006
v -0.299837 -0.167304 0.299833
v -0.292600 -0.168291 0.292600
v -0.305936 -0.157695 0.305940
v -0.295172 -0.169412 0.295169
v -0.277294 -0.141666 0.277298
v -0.304631 -0.106133 0.304627
v -0.310516 -0.119628 0.310516
v -0.312020 -0.135389 0.312016
v -0.269271 -0.132398 0.269271
v -0.287378 -0.083828 0.287382
v -0.261943 -0.130058 0.261943
v -0.272516 -0.067829 0.272516
v -0.163247 -0.204424 0.163247
v -0.243721 -0.153954 0.243725
v -0.248752 -0.166951 0.248756
v -0.159980 -0.198253 0.159976
v -0.243981 -0.142367 0.243981
v -0.243057 -0.147908 0.243061
v -0.147117 -0.187032 0.147117
v -0.235225 -0.043017 0.235229
v -0.254454 -0.131496 0.254454
v -0.248057 -0.135877 0.248057
v -0.232713 -0.006134 0.232713
v -0.230561 -0.022877 0.230557
v -0.148880 0.040853 0.148876
v -0.131307 0.003135 0.131307
v -0.232378 -0.037060 0.232378
v -0.124865 -0.003203 0.124865
v -0.149827 0.052309 0.149827
v -0.229316 0.126708 0.229316
v -0.246256 0.025970 0.246256
v -0.143659 -0.495857 0.143659
v -0.157758 -0.488002 0.157758
v -0.136750 -0.495146 0.136750
v -0.133384 -0.491399 0.133388
v -0.136994 -0.399674 0.136991
v -0.134613 -0.400905 0.134613
v -0.090253 -0.356168 0.090253
v -0.092856 -0.383085 0.092860
v -0.091207 -0.457537 0.091207
v -0.161544 -0.210219 0.161541
v -0.087276 -0.454178 0.087276
v -0.083642 -0.346571 0.083646
v -0.130949 -0.210449 0.130945
v -0.087421 -0.350549 0.087425
v -0.088528 -0.457828 0.088524
v -0.059039 -0.226996 0.059043
v -0.073940 -0.342706 0.073940
v -0.050795 -0.345531 0.050795
v -0.065948 -0.227793 0.065944
v -0.014779 -0.236089 0.014779
v -0.086078 -0.222965 0.086074
v -0.055993 -0.224363 0.055993
v -0.011031 -0.235821 0.011027
v -0.017573 -0.232074 0.017569
v -0.113712 -0.184071 0.113712
v -0.121910 -0.002710 0.121910
v -0.119437 0.003829 0.119437
v -0.071413 0.032913 0.071413
v -0.089826 0.045514 0.089826
v -0.121567 0.027934 0.121567
v -0.055779 -0.219261 0.055779
v -0.018619 -0.226106 0.018619
v -0.015015 -0.211305 0.015015
v -0.017573 -0.218602 0.017569
v -0.077375 -0.187166 0.077379
v -0.054001 0.028137 0.054001
v -0.061566 -0.204847 0.061570
v -0.011160 -0.205272 0.011164
v -0.049627 0.030007 0.049627
v -0.048169 0.033310 0.048165
v 0.107284 -0.003958 -0.107280
v -0.281936 0.062219 0.281936
v -0.285035 0.093411 0.285035
v -0.286630 0.077631 0.286630
v -0.285149 0.069193 0.285153
v -0.273241 0.114965 0.273245
v -0.279287 0.108020 0.279291
v -0.250866 0.243511 0.250866
v -0.275638 0.242128 0.275642
v -0.275592 0.240027 0.275592
v -0.247172 0.205265 0.247172
v -0.240752 0.249329 0.240748
v -0.225141 0.130811 0.225145
v -0.226339 0.162893 0.226343
v -0.223156 0.136566 0.223156
v -0.147208 0.058020 0.147205
v -0.111895 0.139638 0.111891
v -0.222782 0.144079 0.222778
v -0.150361 0.299657 0.150361
v -0.233065 0.262847 0.233068
v -0.109941 0.148089 0.109937
v -0.153987 0.303901 0.153983
v -0.229149 0.298447 0.229149
v -0.229271 0.280705 0.229274
v -0.232492 0.311626 0.232492
v -0.353555 0.404029 0.353555
v -0.316722 0.455794 0.316722
v -0.351792 0.427103 0.351788
v -0.350593 0.381549 0.350597
v -0.290348 0.432230 0.290344
v -0.333318 0.341900 0.333318
v -0.305547 0.315224 0.305547
v -0.287531 0.432349 0.287531
v -0.343517 0.451199 0.343513
v -0.329768 0.462051 0.329765
v -0.336051 0.460286 0.336055
v -0.224423 0.410188 0.224419
v -0.285737 0.435072 0.285741
v -0.272867 0.308587 0.272867
v -0.220324 0.407995 0.220324
v -0.239385 0.317114 0.239385
v -0.235538 0.315395 0.235542
v -0.248989 0.316133 0.248992
v -0.181224 0.402395 0.181220
v -0.184926 0.407321 0.184930
v -0.189102 0.410457 0.189102
v -0.281279 0.478148 0.281275
v -0.275569 0.482504 0.275569
v -0.279340 0.481225 0.279340
v -0.267302 0.478880 0.267302
v -0.249317 0.457226 0.249317
v -0.104574 0.069924 0.104578
v -0.111712 0.107001 0.111708
v -0.134055 0.054979 0.134055
v -0.144086 0.059722 0.144086
v -0.139208 0.059022 0.139204
v -0.146598 0.300465 0.146594
v -0.107788 0.150726 0.107788
v -0.138010 0.309556 0.138014
v -0.103948 0.149269 0.103948
v -0.122200 0.327997 0.122200
v -0.129132 0.048070 0.129132
v -0.080215 0.351385 0.080219
v -0.098154 0.140310 0.098154
v 0.032649 0.182100 -0.032646
v -0.072551 0.082305 0.072551
v 0.034787 0.192734 -0.034791
v 0.047634 0.217657 -0.047630
v -0.051001 0.042486 0.051005
v -0.132101 0.365587 0.132101
v -0.137162 0.383608 0.137166
v -0.136330 0.374766 0.136327
v -0.125055 0.359229 0.125055
v -0.072398 0.400612 0.072402
v -0.079291 0.399710 0.079295
v -0.136208 0.393116 0.136208
v -0.117941 0.415701 0.117937
v -0.130376 0.409227 0.130380
v -0.124643 0.414586 0.124643
v -0.066581 0.405065 0.066581
v 0.026932 0.372926 -0.026932
v -0.048069 0.455448 0.048073
v -0.008748 0.472728 0.008744
v -0.047848 0.465599 0.047848
v -0.029527 0.494974 0.029527
v -0.050100 0.474456 0.050096
v -0.016626 0.486968 0.016626
v -0.012084 0.480796 0.012080
v -0.000137 0.439587 0.000141
v -0.053070 0.433842 0.053073
v -0.073810 0.498110 0.073810
v -0.075337 0.495949 0.075337
v -0.060902 0.500000 0.060906
v -0.055871 0.482245 0.055875
v -0.061489 0.412589 0.061493
v -0.009023 -0.232994 0.009019
v 0.050764 -0.347330 -0.050760
v 0.034680 -0.201550 -0.034680
v 0.025283 -0.358400 -0.025283
v 0.109811 -0.370682 -0.109807
v 0.069887 -0.355938 -0.069887
v 0.075161 -0.379250 -0.075161
v 0.061833 -0.347087 -0.061833
v 0.066322 -0.350115 -0.066322
v 0.118735 -0.279473 -0.118731
v 0.087398 -0.395137 -0.087402
v 0.079123 -0.394178 -0.079123
v 0.037314 -0.201466 -0.037314
v -0.007214 -0.226028 0.007218
v -0.008748 -0.205216 0.008744
v -0.007214 -0.209513 0.007218
v 0.034291 -0.196528 -0.034287
v 0.122735 -0.294993 -0.122735
v 0.082314 -0.397427 -0.082310
v 0.144651 -0.332342 -0.144651
v 0.112948 -0.369937 -0.112948
v 0.115078 -0.372650 -0.115078
v 0.119414 -0.273156 -0.119418
v 0.157911 -0.420746 -0.157915
v 0.126880 -0.460314 -0.126876
v 0.121773 -0.270534 -0.121769
v 0.098101 -0.146013 -0.098101
v 0.041627 -0.182871 -0.041623
v 0.037443 -0.188034 -0.037443
v 0.045810 -0.183915 -0.045810
v 0.047298 -0.188951 -0.047295
v 0.044344 -0.195174 -0.044344
v 0.097490 -0.142392 -0.097490
v 0.103811 -0.125536 -0.103811
v 0.151277 -0.197760 -0.151273
v 0.102231 -0.144613 -0.102231
v 0.158209 -0.495103 -0.158212
v 0.154178 -0.444213 -0.154178
v 0.143750 -0.492419 -0.143750
v 0.152048 -0.499601 -0.152052
v 0.156521 -0.500000 -0.156521
v 0.151002 -0.261432 -0.150998
v 0.142575 -0.269207 -0.142575
v 0.148789 -0.266212 -0.148785
v 0.197118 -0.382552 -0.197118
v 0.168400 -0.404314 -0.168403
v 0.196430 -0.388169 -0.196434
v 0.197919 -0.385569 -0.197923
v 0.218011 -0.321905 -0.218007
v 0.214324 -0.319162 -0.214320
v 0.215576 -0.322576 -0.215580
v 0.214049 -0.291370 -0.214045
v 0.255317 -0.277882 -0.255317
v 0.208469 -0.236640 -0.208469
v 0.280004 -0.263926 -0.280008
v 0.280073 -0.252550 -0.280073
v 0.152781 -0.193367 -0.152781
v 0.195179 -0.209374 -0.195175
v 0.218492 -0.166782 -0.218488
v 0.177514 -0.191728 -0.177514
v 0.213171 -0.153353 -0.213171
v 0.156117 -0.188849 -0.156117
v 0.168781 -0.187487 -0.168781
v 0.132254 -0.105042 -0.132254
v 0.161033 -0.186818 -0.161033
v 0.212057 -0.143716 -0.212060
v 0.136559 -0.095440 -0.136559
v 0.238462 -0.196136 -0.238462
v 0.214652 -0.135313 -0.214652
v 0.281600 -0.259988 -0.281600
v 0.344998 -0.161319 -0.344998
v 0.350280 -0.154839 -0.350276
v 0.340288 -0.162383 -0.340284
v 0.350830 -0.106582 -0.350826
v 0.321471 -0.050874 -0.321474
v 0.288722 -0.125278 -0.288718
v 0.319142 -0.151275 -0.319142
v 0.218293 -0.129933 -0.218293
v 0.138117 -0.088339 -0.138120
v 0.353555 -0.139363 -0.353555
v 0.333562 -0.160740 -0.333566
v 0.107055 0.011442 -0.107055
v 0.109109 0.018685 -0.109105
v 0.112910 0.021856 -0.112906
v 0.185392 0.167272 -0.185396
v 0.054520 0.198430 -0.054524
v 0.035382 0.181138 -0.035382
v 0.076337 0.225942 -0.076337
v 0.027512 0.370122 -0.027512
v 0.112582 -0.013094 -0.112582
v 0.109574 -0.010053 -0.109570
v 0.133437 -0.086228 -0.133433
v 0.122261 -0.011803 -0.122261
v 0.117948 -0.013750 -0.117948
v 0.137346 -0.085841 -0.137342
v 0.125361 -0.007845 -0.125361
v 0.126490 -0.002336 -0.126494
v 0.121093 0.015731 -0.121090
v 0.125865 0.003976 -0.125868
v 0.205789 0.124484 -0.205786
v 0.083055 0.237273 -0.083051
v 0.195576 0.137797 -0.195576
v 0.117811 0.019610 -0.117807
v 0.004771 0.434975 -0.004771
v 0.064306 0.235902 -0.064306
v 0.030176 0.370183 -0.030172
v 0.050054 0.383549 -0.050054
v 0.078314 0.243928 -0.078310
v 0.014848 0.435342 -0.014844
v 0.047321 0.420580 -0.047321
v 0.062093 0.463409 -0.062093
v 0.183873 0.199167 -0.183873
v 0.084085 0.242054 -0.084089
v 0.176323 0.311120 -0.176327
v 0.083085 0.244146 -0.083089
v 0.174812 0.317415 -0.174808
v 0.141697 0.391869 -0.141701
v 0.096337 0.408019 -0.096341
v 0.063642 0.461205 -0.063646
v 0.217843 0.116198 -0.217847
v 0.229087 -0.121217 -0.229091
v 0.256523 -0.113392 -0.256523
v 0.306402 -0.028042 -0.306398
v 0.307394 -0.025824 -0.307390
v 0.244836 0.108727 -0.244836
v 0.294104 0.096877 -0.294100
v 0.308883 -0.033564 -0.308886
v 0.335219 -0.026804 -0.335215
v 0.347250 0.007410 -0.347250
v 0.324723 -0.027023 -0.324723
v 0.335173 0.047938 -0.335173
v 0.316035 0.079833 -0.316039
v 0.348196 -0.010663 -0.348200
v 0.343608 -0.022842 -0.343604
v 0.346692 -0.017697 -0.346692
v 0.181896 0.302834 -0.181896
v 0.187087 0.212364 -0.187083
v 0.209973 0.244905 -0.209976
v 0.174590 0.324544 -0.174594
v 0.177575 0.340131 -0.177571
v 0.154063 0.395294 -0.154063
v 0.184323 0.355545 -0.184320
v 0.193881 0.368452 -0.193881
v 0.219087 0.451270 -0.219087
v 0.229400 0.264393 -0.229397
v 0.238469 0.276525 -0.238465
v 0.237019 0.283836 -0.237019
v 0.237401 0.386744 -0.237397
v 0.239317 0.280835 -0.239313
v 0.243630 0.445164 -0.243626
v 0.231622 0.452750 -0.231622
v 0.255195 0.426052 -0.255195
v 0.257172 0.394373 -0.257176
v 0.260065 0.399061 -0.260069
v 0.260699 0.405597 -0.260699
v -0.424083 -0.276995 0.000000
v -0.471221 -0.303495 0.000000
v -0.448198 -0.334896 0.000000
v -0.471061 -0.275744 0.000000
v -0.476435 -0.288138 0.000000
v -0.415961 -0.272172 0.000000
v -0.378120 -0.363765 0.000000
v -0.476091 -0.279690 0.000000
v -0.410388 -0.253683 0.000000
v -0.376548 -0.192213 0.000000
v -0.394953 -0.208695 0.000000
v -0.406350 -0.228101 0.000000
v -0.308035 -0.423023 0.000000
v -0.330043 -0.416088 0.000000
v -0.319814 -0.421188 0.000000
v -0.347219 -0.399439 0.000000
v -0.249630 -0.448854 0.000000
v -0.246973 -0.460516 0.000000
v -0.241057 -0.471209 0.000000
v -0.196201 -0.401270 0.000000
v -0.237859 -0.404437 0.000000
v -0.262447 -0.409247 0.000000
v -0.240217 -0.401438 0.000000
v -0.231469 -0.208208 0.000000
v -0.185270 -0.482784 0.000000
v -0.424029 -0.167304 0.000000
v -0.413800 -0.168291 0.000000
v -0.432663 -0.157695 0.000000
v -0.417434 -0.169412 0.000000
v -0.392159 -0.141666 0.000000
v -0.430808 -0.106133 0.000000
v -0.439136 -0.119628 0.000000
v -0.441259 -0.135389 0.000000
v -0.380807 -0.132398 0.000000
v -0.406418 -0.083828 0.000000
v -0.370441 -0.130058 0.000000
v -0.385395 -0.067829 0.000000
v -0.230866 -0.204424 0.000000
v -0.344677 -0.153954 0.000000
v -0.351792 -0.166951 0.000000
v -0.226240 -0.198253 0.000000
v -0.345043 -0.142367 0.000000
v -0.343738 -0.147908 0.000000
v -0.208057 -0.187032 0.000000
v -0.332662 -0.043017 0.000000
v -0.359853 -0.131496 0.000000
v -0.350807 -0.135877 0.000000
v -0.329104 -0.006134 0.000000
v -0.326058 -0.022877 0.000000
v -0.210545 0.040853 0.000000
v -0.185697 0.003135 0.000000
v -0.328631 -0.037060 0.000000
v -0.176583 -0.003203 0.000000
v -0.211889 0.052309 0.000000
v -0.324303 0.126708 0.000000
v -0.348257 0.025970 0.000000
v -0.203163 -0.495857 0.000000
v -0.223103 -0.488001 0.000000
v -0.193392 -0.495146 0.000000
v -0.188636 -0.491399 0.000000
v -0.193736 -0.399674 0.000000
v -0.190369 -0.400905 0.000000
v -0.127636 -0.356168 0.000000
v -0.131323 -0.383085 0.000000
v -0.128987 -0.457537 0.000000
v -0.228454 -0.210219 0.000000
v -0.123429 -0.454178 0.000000
v -0.118292 -0.346571 0.000000
v -0.185186 -0.210449 0.000000
v -0.123635 -0.350549 0.000000
v -0.125193 -0.457828 0.000000
v -0.083497 -0.226996 0.000000
v -0.104566 -0.342706 0.000000
v -0.071833 -0.345531 0.000000
v -0.093261 -0.227793 0.000000
v -0.020901 -0.236089 0.000000
v -0.121727 -0.222965 0.000000
v -0.079184 -0.224363 0.000000
v -0.015596 -0.235821 0.000000
v -0.024848 -0.232074 0.000000
v -0.160812 -0.184071 0.000000
v -0.172407 -0.002710 0.000000
v -0.168911 0.003830 0.000000
v -0.100994 0.032913 0.000000
v -0.127032 0.045514 0.000000
v -0.171919 0.027934 0.000000
v -0.078887 -0.219261 0.000000
v -0.026329 -0.226106 0.000000
v -0.021237 -0.211305 0.000000
v -0.024848 -0.218602 0.000000
v -0.109429 -0.187166 0.000000
v -0.076368 0.028137 0.000000
v -0.087070 -0.204847 0.000000
v -0.015787 -0.205272 0.000000
v -0.070184 0.030007 0.000000
v -0.068116 0.033310 0.000000
v 0.151720 -0.003958 0.000000
v -0.398716 0.062219 0.000000
v -0.403098 0.093411 0.000000
v -0.405357 0.077631 0.000000
v -0.403266 0.069193 0.000000
v -0.386426 0.114965 0.000000
v -0.394975 0.108020 0.000000
v -0.354776 0.243511 0.000000
v -0.389815 0.242128 0.000000
v -0.389746 0.240027 0.000000
v -0.349555 0.205265 0.000000
v -0.340471 0.249329 0.000000
v -0.318402 0.130811 0.000000
v -0.320096 0.162893 0.000000
v -0.315593 0.136566 0.000000
v -0.208179 0.058020 0.000000
v -0.158239 0.139638 0.000000
v -0.315058 0.144079 0.000000
v -0.212644 0.299657 0.000000
v -0.329608 0.262847 0.000000
v -0.155476 0.148089 0.000000
v -0.217767 0.303901 0.000000
v -0.324066 0.298447 0.000000
v -0.324242 0.280705 0.000000
v -0.328791 0.311626 0.000000
v -0.500000 0.404029 0.000000
v -0.447915 0.455794 0.000000
v -0.497504 0.427104 0.000000
v -0.495817 0.381549 0.000000
v -0.410609 0.432230 0.000000
v -0.471381 0.341900 0.000000
v -0.432106 0.315224 0.000000
v -0.406632 0.432350 0.000000
v -0.485801 0.451199 0.000000
v -0.466358 0.462051 0.000000
v -0.475252 0.460286 0.000000
v -0.317379 0.410188 0.000000
v -0.404098 0.435072 0.000000
v -0.385891 0.308587 0.000000
v -0.311585 0.407995 0.000000
v -0.338540 0.317114 0.000000
v -0.333104 0.315395 0.000000
v -0.352128 0.316133 0.000000
v -0.256286 0.402395 0.000000
v -0.261531 0.407321 0.000000
v -0.267432 0.410457 0.000000
v -0.397785 0.478148 0.000000
v -0.389716 0.482504 0.000000
v -0.395044 0.481225 0.000000
v -0.378021 0.478880 0.000000
v -0.352586 0.457226 0.000000
v -0.147895 0.069924 0.000000
v -0.157980 0.107001 0.000000
v -0.189583 0.054979 0.000000
v -0.203766 0.059722 0.000000
v -0.196866 0.059022 0.000000
v -0.207316 0.300465 0.000000
v -0.152437 0.150726 0.000000
v -0.195179 0.309556 0.000000
v -0.147002 0.149269 0.000000
v -0.172819 0.327997 0.000000
v -0.182621 0.048071 0.000000
v -0.113444 0.351385 0.000000
v -0.138811 0.140311 0.000000
v 0.046169 0.182100 0.000000
v -0.102605 0.082305 0.000000
v 0.049199 0.192734 0.000000
v 0.067360 0.217657 0.000000
v -0.072131 0.042486 0.000000
v -0.186820 0.365587 0.000000
v -0.193980 0.383608 0.000000
v -0.192797 0.374766 0.000000
v -0.176858 0.359230 0.000000
v -0.102391 0.400612 0.000000
v -0.112139 0.399710 0.000000
v -0.192629 0.393116 0.000000
v -0.166789 0.415701 0.000000
v -0.184384 0.409227 0.000000
v -0.176270 0.414586 0.000000
v -0.094162 0.405065 0.000000
v 0.038085 0.372926 0.000000
v -0.067986 0.455448 0.000000
v -0.012367 0.472728 0.000000
v -0.067665 0.465599 0.000000
v -0.041756 0.494974 0.000000
v -0.070848 0.474456 0.000000
v -0.023512 0.486968 0.000000
v -0.017084 0.480796 0.000000
v -0.000198 0.439587 0.000000
v -0.075055 0.433842 0.000000
v -0.104383 0.498110 0.000000
v -0.106544 0.495949 0.000000
v -0.086131 0.500000 0.000000
v -0.079016 0.482245 0.000000
v -0.086963 0.412589 0.000000
v -0.012756 -0.232994 0.000000
v 0.071787 -0.347330 0.000000
v 0.049047 -0.201550 0.000000
v 0.035756 -0.358400 0.000000
v 0.155292 -0.370682 0.000000
v 0.098834 -0.355938 0.000000
v 0.106292 -0.379250 0.000000
v 0.087444 -0.347087 0.000000
v 0.093795 -0.350115 0.000000
v 0.167911 -0.279474 0.000000
v 0.123605 -0.395137 0.000000
v 0.111895 -0.394178 0.000000
v 0.052772 -0.201466 0.000000
v -0.010206 -0.226028 0.000000
v -0.012367 -0.205216 0.000000
v -0.010206 -0.209513 0.000000
v 0.048489 -0.196528 0.000000
v 0.173575 -0.294993 0.000000
v 0.116406 -0.397427 0.000000
v 0.204568 -0.332342 0.000000
v 0.159735 -0.369937 0.000000
v 0.162743 -0.372650 0.000000
v 0.168880 -0.273156 0.000000
v 0.223324 -0.420746 0.000000
v 0.179430 -0.460314 0.000000
v 0.172209 -0.270534 0.000000
v 0.138735 -0.146013 0.000000
v 0.058863 -0.182871 0.000000
v 0.052955 -0.188034 0.000000
v 0.064787 -0.183915 0.000000
v 0.066887 -0.188951 0.000000
v 0.062711 -0.195174 0.000000
v 0.137872 -0.142392 0.000000
v 0.146811 -0.125536 0.000000
v 0.213935 -0.197760 0.000000
v 0.144575 -0.144613 0.000000
v 0.223744 -0.495103 0.000000
v 0.218041 -0.444213 0.000000
v 0.203293 -0.492419 0.000000
v 0.215034 -0.499601 0.000000
v 0.221355 -0.500000 0.000000
v 0.213545 -0.261432 0.000000
v 0.201629 -0.269207 0.000000
v 0.210415 -0.266212 0.000000
v 0.278768 -0.382552 0.000000
v 0.238156 -0.404314 0.000000
v 0.277798 -0.388169 0.000000
v 0.279905 -0.385569 0.000000
v 0.308310 -0.321905 0.000000
v 0.303096 -0.319162 0.000000
v 0.304875 -0.322576 0.000000
v 0.302707 -0.291370 0.000000
v 0.361074 -0.277882 0.000000
v 0.294821 -0.236640 0.000000
v 0.395991 -0.263926 0.000000
v 0.396082 -0.252550 0.000000
v 0.216064 -0.193367 0.000000
v 0.276019 -0.209374 0.000000
v 0.308989 -0.166782 0.000000
v 0.251042 -0.191728 0.000000
v 0.301470 -0.153353 0.000000
v 0.220782 -0.188849 0.000000
v 0.238691 -0.187487 0.000000
v 0.187033 -0.105042 0.000000
v 0.227736 -0.186818 0.000000
v 0.299898 -0.143716 0.000000
v 0.193125 -0.095440 0.000000
v 0.337234 -0.196136 0.000000
v 0.303562 -0.135313 0.000000
v 0.398243 -0.259988 0.000000
v 0.487901 -0.161319 0.000000
v 0.495366 -0.154839 0.000000
v 0.481236 -0.162383 0.000000
v 0.496145 -0.106582 0.000000
v 0.454633 -0.050874 0.000000
v 0.408312 -0.125278 0.000000
v 0.451335 -0.151275 0.000000
v 0.308715 -0.129933 0.000000
v 0.195331 -0.088339 0.000000
v 0.500000 -0.139363 0.000000
v 0.471732 -0.160740 0.000000
v 0.151399 0.011442 0.000000
v 0.154300 0.018685 0.000000
v 0.159674 0.021856 0.000000
v 0.262187 0.167272 0.000000
v 0.077108 0.198430 0.000000
v 0.050039 0.181138 0.000000
v 0.107956 0.225942 0.000000
v 0.038909 0.370122 0.000000
v 0.159216 -0.013094 0.000000
v 0.154957 -0.010053 0.000000
v 0.188705 -0.086228 0.000000
v 0.172903 -0.011803 0.000000
v 0.166804 -0.013750 0.000000
v 0.194232 -0.085841 0.000000
v 0.177285 -0.007845 0.000000
v 0.178888 -0.002336 0.000000
v 0.171247 0.015731 0.000000
v 0.178003 0.003976 0.000000
v 0.291027 0.124484 0.000000
v 0.117452 0.237273 0.000000
v 0.276584 0.137797 0.000000
v 0.166606 0.019610 0.000000
v 0.006748 0.434975 0.000000
v 0.090940 0.235902 0.000000
v 0.042672 0.370183 0.000000
v 0.070787 0.383549 0.000000
v 0.110750 0.243928 0.000000
v 0.020993 0.435342 0.000000
v 0.066925 0.420580 0.000000
v 0.087811 0.463409 0.000000
v 0.260035 0.199167 0.000000
v 0.118918 0.242054 0.000000
v 0.249363 0.311120 0.000000
v 0.117506 0.244146 0.000000
v 0.247218 0.317415 0.000000
v 0.200392 0.391869 0.000000
v 0.136246 0.408019 0.000000
v 0.090009 0.461205 0.000000
v 0.308081 0.116198 0.000000
v 0.323982 -0.121217 0.000000
v 0.362777 -0.113393 0.000000
v 0.433312 -0.028042 0.000000
v 0.434717 -0.025824 0.000000
v 0.346250 0.108727 0.000000
v 0.415922 0.096877 0.000000
v 0.436831 -0.033564 0.000000
v 0.474068 -0.026804 0.000000
v 0.491084 0.007410 0.000000
v 0.459228 -0.027023 0.000000
v 0.474007 0.047938 0.000000
v 0.446946 0.079833 0.000000
v 0.492427 -0.010663 0.000000
v 0.485931 -0.022842 0.000000
v 0.490298 -0.017697 0.000000
v 0.257241 0.302834 0.000000
v 0.264577 0.212364 0.000000
v 0.296951 0.244905 0.000000
v 0.246912 0.324544 0.000000
v 0.251126 0.340131 0.000000
v 0.217881 0.395294 0.000000
v 0.260668 0.355545 0.000000
v 0.274187 0.368452 0.000000
v 0.309837 0.451270 0.000000
v 0.324417 0.264393 0.000000
v 0.337242 0.276525 0.000000
v 0.335196 0.283836 0.000000
v 0.335730 0.386744 0.000000
v 0.338440 0.280835 0.000000
v 0.344540 0.445164 0.000000
v 0.327562 0.452750 0.000000
v 0.360899 0.426052 0.000000
v 0.363700 0.394373 0.000000
v 0.367792 0.399061 0.000000
v 0.368685 0.405597 0.000000
f 1 2 3
f 1 4 2
f 4 5 2
f 6 1 7
f 4 8 5
f 9 10 11
f 9 11 12
f 7 9 6
f 3 7 1
f 13 14 15
f 13 16 14
f 17 18 19
f 20 21 17
f 22 16 13
f 7 24 9
f 7 16 22
f 10 9 24
f 23 7 22
f 21 20 23
f 25 17 19
f 26 27 28
f 26 29 27
f 30 28 27
f 31 32 30
f 33 30 32
f 31 34 35
f 35 36 37
f 34 36 35
f 30 33 28
f 38 39 40
f 24 38 40
f 41 42 43
f 39 41 43
f 24 40 10
f 44 45 42
f 45 37 46
f 46 37 36
f 45 46 47
f 42 45 47
f 48 49 50
f 51 49 52
f 44 52 45
f 54 56 48
f 39 38 41
f 57 25 58
f 59 25 57
f 59 60 25
f 17 25 20
f 20 61 23
f 61 62 63
f 64 62 65
f 62 64 63
f 61 66 23
f 64 65 67
f 68 69 70
f 67 65 71
f 70 69 63
f 72 73 74
f 73 72 75
f 72 74 76
f 77 68 73
f 78 72 76
f 79 76 74
f 80 78 76
f 73 75 77
f 66 24 23
f 42 41 44
f 53 81 82
f 53 44 81
f 66 63 69
f 53 51 52
f 83 82 84
f 83 85 86
f 49 51 50
f 87 78 88
f 89 87 90
f 88 90 87
f 78 80 88
f 81 91 82
f 92 82 91
f 93 94 91
f 94 95 92
f 92 91 94
f 96 95 97
f 89 93 87
f 84 82 92
f 69 68 77
f 89 94 93
f 25 19 58
f 98 99 100
f 101 98 100
f 98 102 99
f 103 99 102
f 102 98 56
f 104 105 106
f 104 106 107
f 104 107 108
f 54 109 55
f 107 110 108
f 111 109 112
f 111 113 114
f 115 110 117
f 110 114 117
f 116 108 110
f 118 119 120
f 120 116 115
f 120 115 118
f 109 54 112
f 102 56 55
f 118 121 119
f 122 123 124
f 125 126 122
f 126 127 128
f 128 129 126
f 125 127 126
f 126 123 122
f 130 131 132
f 129 133 134
f 123 131 130
f 123 130 124
f 135 129 128
f 136 137 138
f 137 133 139
f 121 140 136
f 141 142 140
f 136 140 142
f 138 121 136
f 139 129 135
f 136 133 137
f 143 144 145
f 144 143 146
f 146 143 134
f 134 147 146
f 134 133 147
f 148 149 150
f 149 151 152
f 152 150 149
f 113 112 151
f 153 154 155
f 155 156 157
f 117 114 113
f 115 154 153
f 117 154 115
f 113 151 149
f 148 150 158
f 86 148 158
f 154 156 155
f 156 159 157
f 160 161 156
f 160 162 161
f 163 159 156
f 162 165 161
f 83 84 85
f 166 167 168
f 169 167 166
f 170 171 159
f 172 167 169
f 171 169 159
f 173 174 172
f 174 173 175
f 172 169 173
f 159 176 170
f 159 177 176
f 178 179 180
f 181 182 180
f 183 180 184
f 185 178 186
f 187 188 189
f 190 182 181
f 183 181 180
f 190 181 189
f 188 190 189
f 191 176 177
f 185 186 191
f 161 165 96
f 48 50 54
f 192 193 194
f 79 195 193
f 196 197 198
f 199 200 201
f 202 198 203
f 199 204 193
f 192 194 205
f 206 207 208
f 205 194 207
f 192 79 193
f 209 200 197
f 74 195 79
f 203 210 202
f 211 212 213
f 202 196 198
f 196 209 197
f 212 209 196
f 201 200 209
f 211 209 212
f 214 204 201
f 215 213 216
f 214 217 218
f 219 95 206
f 204 194 193
f 194 208 207
f 206 208 220
f 206 220 219
f 218 221 222
f 214 222 223
f 221 218 224
f 221 224 219
f 225 219 224
f 223 204 214
f 218 226 227
f 225 97 219
f 217 226 218
f 94 206 95
f 228 229 230
f 231 228 230
f 229 215 216
f 231 232 228
f 233 234 235
f 236 211 237
f 213 237 211
f 229 216 230
f 236 238 239
f 237 238 236
f 240 241 242
f 241 240 243
f 243 240 244
f 245 243 244
f 246 247 244
f 227 226 248
f 234 233 226
f 249 250 251
f 252 251 250
f 227 248 253
f 254 255 256
f 255 253 256
f 251 257 254
f 257 258 254
f 257 251 252
f 259 249 245
f 257 260 258
f 244 259 245
f 246 261 247
f 262 263 264
f 265 267 268
f 269 270 260
f 271 268 272
f 264 263 272
f 263 271 272
f 271 265 268
f 227 253 255
f 217 234 226
f 96 274 161
f 275 277 278
f 274 278 161
f 161 163 156
f 277 276 279
f 159 164 280
f 97 273 96
f 225 281 282
f 283 284 285
f 285 281 283
f 284 286 287
f 288 287 286
f 282 97 225
f 278 274 275
f 289 290 291
f 276 292 279
f 293 275 294
f 283 281 225
f 293 294 289
f 177 295 191
f 296 297 280
f 298 297 299
f 184 180 179
f 179 178 185
f 295 177 300
f 301 300 177
f 185 191 295
f 300 301 302
f 159 280 177
f 292 303 304
f 305 306 304
f 306 308 309
f 298 306 309
f 310 302 301
f 306 298 299
f 297 296 299
f 296 280 164
f 311 290 288
f 312 288 286
f 286 270 269
f 260 270 258
f 258 255 254
f 313 314 312
f 314 315 316
f 317 316 315
f 312 311 288
f 316 312 314
f 283 286 284
f 290 311 291
f 313 318 314
f 267 318 313
f 267 266 318
f 319 320 321
f 315 322 323
f 315 321 322
f 315 323 317
f 324 325 326
f 324 320 319
f 320 322 321
f 325 324 319
f 327 304 328
f 304 303 328
f 291 293 289
f 327 328 329
f 276 275 293
f 308 307 330
f 308 331 332
f 331 308 330
f 332 333 334
f 332 331 333
f 306 305 307
f 335 332 334
f 336 327 329
f 303 292 276
f 337 338 336
f 334 339 335
f 338 337 340
f 341 342 339
f 342 335 339
f 341 339 343
f 344 345 346
f 343 344 346
f 343 339 344
f 338 327 336
f 286 269 312
f 347 348 349
f 347 350 348
f 350 351 348
f 352 347 353
f 350 354 351
f 355 356 357
f 355 357 358
f 353 355 352
f 349 353 347
f 359 360 361
f 359 362 360
f 363 364 365
f 366 367 363
f 368 362 359
f 353 370 355
f 353 362 368
f 356 355 370
f 369 353 368
f 367 366 369
f 371 363 365
f 372 373 374
f 372 375 373
f 376 374 373
f 377 378 376
f 379 376 378
f 377 380 381
f 381 382 383
f 380 382 381
f 376 379 374
f 384 385 386
f 370 384 386
f 387 388 389
f 385 387 389
f 370 386 356
f 390 391 388
f 391 383 392
f 392 383 382
f 391 392 393
f 388 391 393
f 394 395 396
f 397 395 398
f 390 398 391
f 400 402 394
f 385 384 387
f 403 371 404
f 405 371 403
f 405 406 371
f 363 371 366
f 366 407 369
f 407 408 409
f 410 408 411
f 408 410 409
f 407 412 369
f 410 411 413
f 414 415 416
f 413 411 417
f 416 415 409
f 418 419 420
f 419 418 421
f 418 420 422
f 423 414 419
f 424 418 422
f 425 422 420
f 426 424 422
f 419 421 423
f 412 370 369
f 388 387 390
f 399 427 428
f 399 390 427
f 412 409 415
f 399 397 398
f 429 428 430
f 429 431 432
f 395 397 396
f 433 424 434
f 435 433 436
f 434 436 433
f 424 426 434
f 427 437 428
f 438 428 437
f 439 440 437
f 440 441 438
f 438 437 440
f 442 441 443
f 435 439 433
f 430 428 438
f 415 414 423
f 435 440 439
f 371 365 404
f 444 445 446
f 447 444 446
f 444 448 445
f 449 445 448
f 448 444 402
f 450 451 452
f 450 452 453
f 450 453 454
f 400 455 401
f 453 456 454
f 457 455 458
f 457 459 460
f 461 456 463
f 456 460 463
f 462 454 456
f 464 465 466
f 466 462 461
f 466 461 464
f 455 400 458
f 448 402 401
f 464 467 465
f 468 469 470
f 471 472 468
f 472 473 474
f 474 475 472
f 471 473 472
f 472 469 468
f 476 477 478
f 475 479 480
f 469 477 476
f 469 476 470
f 481 475 474
f 482 483 484
f 483 479 485
f 467 486 482
f 487 488 486
f 482 486 488
f 484 467 482
f 485 475 481
f 482 479 483
f 489 490 491
f 490 489 492
f 492 489 480
f 480 493 492
f 480 479 493
f 494 495 496
f 495 497 498
f 498 496 495
f 459 458 497
f 499 500 501
f 501 502 503
f 463 460 459
f 461 500 499
f 463 500 461
f 459 497 495
f 494 496 504
f 432 494 504
f 500 502 501
f 502 505 503
f 506 507 502
f 506 508 507
f 509 505 502
f 508 511 507
f 429 430 431
f 512 513 514
f 515 513 512
f 516 517 505
f 518 513 515
f 517 515 505
f 519 520 518
f 520 519 521
f 518 515 519
f 505 522 516
f 505 523 522
f 524 525 526
f 527 528 526
f 529 526 530
f 531 524 532
f 533 534 535
f 536 528 527
f 529 527 526
f 536 527 535
f 534 536 535
f 537 522 523
f 531 532 537
f 507 511 442
f 394 396 400
f 538 539 540
f 425 541 539
f 542 543 544
f 545 546 547
f 548 544 549
f 545 550 539
f 538 540 551
f 552 553 554
f 551 540 553
f 538 425 539
f 555 546 543
f 420 541 425
f 549 556 548
f 557 558 559
f 548 542 544
f 542 555 543
f 558 555 542
f 547 546 555
f 557 555 558
f 560 550 547
f 561 559 562
f 560 563 564
f 565 441 552
f 550 540 539
f 540 554 553
f 552 554 566
f 552 566 565
f 564 567 568
f 560 568 569
f 567 564 570
f 567 570 565
f 571 565 570
f 569 550 560
f 564 572 573
f 571 443 565
f 563 572 564
f 440 552 441
f 574 575 576
f 577 574 576
f 575 561 562
f 577 578 574
f 579 580 581
f 582 557 583
f 559 583 557
f 575 562 576
f 582 584 585
f 583 584 582
f 586 587 588
f 587 586 589
f 589 586 590
f 591 589 590
f 592 593 590
f 573 572 594
f 580 579 572
f 595 596 597
f 598 597 596
f 573 594 599
f 600 601 602
f 601 599 602
f 597 603 600
f 603 604 600
f 603 597 598
f 605 595 591
f 603 606 604
f 590 605 591
f 592 607 593
f 608 609 610
f 611 613 614
f 615 616 606
f 617 614 618
f 610 609 618
f 609 617 618
f 617 611 614
f 573 599 601
f 563 580 572
f 442 620 507
f 621 623 624
f 620 624 507
f 507 509 502
f 623 622 625
f 505 510 626
f 443 619 442
f 571 627 628
f 629 630 631
f 631 627 629
f 630 632 633
f 634 633 632
f 628 443 571
f 624 620 621
f 635 636 637
f 622 638 625
f 639 621 640
f 629 627 571
f 639 640 635
f 523 641 537
f 642 643 626
f 644 643 645
f 530 526 525
f 525 524 531
f 641 523 646
f 647 646 523
f 531 537 641
f 646 647 648
f 505 626 523
f 638 649 650
f 651 652 650
f 652 654 655
f 644 652 655
f 656 648 647
f 652 644 645
f 643 642 645
f 642 626 510
f 657 636 634
f 658 634 632
f 632 616 615
f 606 616 604
f 604 601 600
f 659 660 658
f 660 661 662
f 663 662 661
f 658 657 634
f 662 658 660
f 629 632 630
f 636 657 637
f 659 664 660
f 613 664 659
f 613 612 664
f 665 666 667
f 661 668 669
f 661 667 668
f 661 669 663
f 670 671 672
f 670 666 665
f 666 668 667
f 671 670 665
f 673 650 674
f 650 649 674
f 637 639 635
f 673 674 675
f 622 621 639
f 654 653 676
f 654 677 678
f 677 654 676
f 678 679 680
f 678 677 679
f 652 651 653
f 681 678 680
f 682 673 675
f 649 638 622
f 683 684 682
f 680 685 681
f 684 683 686
f 687 688 685
f 688 681 685
f 687 685 689
f 690 691 692
f 689 690 692
f 689 685 690
f 684 673 682
f 632 615 658
f 693 694 695
f 693 696 694
f 696 697 694
f 698 693 699
f 696 700 697
f 701 702 703
f 701 703 704
f 699 701 698
f 695 699 693
f 705 706 707
f 705 708 706
f 709 710 711
f 712 713 709
f 714 708 705
f 699 716 701
f 699 708 714
f 702 701 716
f 715 699 714
f 713 712 715
f 717 709 711
f 718 719 720
f 718 721 719
f 722 720 719
f 723 724 722
f 725 722 724
f 723 726 727
f 727 728 729
f 726 728 727
f 722 725 720
f 730 731 732
f 716 730 732
f 733 734 735
f 731 733 735
f 716 732 702
f 736 737 734
f 737 729 738
f 738 729 728
f 737 738 739
f 734 737 739
f 740 741 742
f 743 741 744
f 736 744 737
f 746 748 740
f 731 730 733
f 749 717 750
f 751 717 749
f 751 752 717
f 709 717 712
f 712 753 715
f 753 754 755
f 756 754 757
f 754 756 755
f 753 758 715
f 756 757 759
f 760 761 762
f 759 757 763
f 762 761 755
f 764 765 766
f 765 764 767
f 764 766 768
f 769 760 765
f 770 764 768
f 771 768 766
f 772 770 768
f 765 767 769
f 758 716 715
f 734 733 736
f 745 773 774
f 745 736 773
f 758 755 761
f 745 743 744
f 775 774 776
f 775 777 778
f 741 743 742
f 779 770 780
f 781 779 782
f 780 782 779
f 770 772 780
f 773 783 774
f 784 774 783
f 785 786 783
f 786 787 784
f 784 783 786
f 788 787 789
f 781 785 779
f 776 774 784
f 761 760 769
f 781 786 785
f 717 711 750
f 790 791 792
f 793 790 792
f 790 794 791
f 795 791 794
f 794 790 748
f 796 797 798
f 796 798 799
f 796 799 800
f 746 801 747
f 799 802 800
f 803 801 804
f 803 805 806
f 807 802 809
f 802 806 809
f 808 800 802
f 810 811 812
f 812 808 807
f 812 807 810
f 801 746 804
f 794 748 747
f 810 813 811
f 814 815 816
f 817 818 814
f 818 819 820
f 820 821 818
f 817 819 818
f 818 815 814
f 822 823 824
f 821 825 826
f 815 823 822
f 815 822 816
f 827 821 820
f 828 829 830
f 829 825 831
f 813 832 828
f 833 834 832
f 828 832 834
f 830 813 828
f 831 821 827
f 828 825 829
f 835 836 837
f 836 835 838
f 838 835 826
f 826 839 838
f 826 825 839
f 840 841 842
f 841 843 844
f 844 842 841
f 805 804 843
f 845 846 847
f 847 848 849
f 809 806 805
f 807 846 845
f 809 846 807
f 805 843 841
f 840 842 850
f 778 840 850
f 846 848 847
f 848 851 849
f 852 853 848
f 852 854 853
f 855 851 848
f 854 857 853
f 775 776 777
f 858 859 860
f 861 859 858
f 862 863 851
f 864 859 861
f 863 861 851
f 865 866 864
f 866 865 867
f 864 861 865
f 851 868 862
f 851 869 868
f 870 871 872
f 873 874 872
f 875 872 876
f 877 870 878
f 879 880 881
f 882 874 873
f 875 873 872
f 882 873 881
f 880 882 881
f 883 868 869
f 877 878 883
f 853 857 788
f 740 742 746
f 884 885 886
f 771 887 885
f 888 889 890
f 891 892 893
f 894 890 895
f 891 896 885
f 884 886 897
f 898 899 900
f 897 886 899
f 884 771 885
f 901 892 889
f 766 887 771
f 895 902 894
f 903 904 905
f 894 888 890
f 888 901 889
f 904 901 888
f 893 892 901
f 903 901 904
f 906 896 893
f 907 905 908
f 906 909 910
f 911 787 898
f 896 886 885
f 886 900 899
f 898 900 912
f 898 912 911
f 910 913 914
f 906 914 915
f 913 910 916
f 913 916 911
f 917 911 916
f 915 896 906
f 910 918 919
f 917 789 911
f 909 918 910
f 786 898 787
f 920 921 922
f 923 920 922
f 921 907 908
f 923 924 920
f 925 926 927
f 928 903 929
f 905 929 903
f 921 908 922
f 928 930 931
f 929 930 928
f 932 933 934
f 933 932 935
f 935 932 936
f 937 935 936
f 938 939 936
f 919 918 940
f 926 925 918
f 941 942 943
f 944 943 942
f 919 940 945
f 946 947 948
f 947 945 948
f 943 949 946
f 949 950 946
f 949 943 944
f 951 941 937
f 949 952 950
f 936 951 937
f 938 953 939
f 954 955 956
f 957 959 960
f 961 962 952
f 963 960 964
f 956 955 964
f 955 963 964
f 963 957 960
f 919 945 947
f 909 926 918
f 788 966 853
f 967 969 970
f 966 970 853
f 853 855 848
f 969 968 971
f 851 856 972
f 789 965 788
f 917 973 974
f 975 976 977
f 977 973 975
f 976 978 979
f 980 979 978
f 974 789 917
f 970 966 967
f 981 982 983
f 968 984 971
f 985 967 986
f 975 973 917
f 985 986 981
f 869 987 883
f 988 989 972
f 990 989 991
f 876 872 871
f 871 870 877
f 987 869 992
f 993 992 869
f 877 883 987
f 992 993 994
f 851 972 869
f 984 995 996
f 997 998 996
f 998 1000 1001
f 990 998 1001
f 1002 994 993
f 998 990 991
f 989 988 991
f 988 972 856
f 1003 982 980
f 1004 980 978
f 978 962 961
f 952 962 950
f 950 947 946
f 1005 1006 1004
f 1006 1007 1008
f 1009 1008 1007
f 1004 1003 980
f 1008 1004 1006
f 975 978 976
f 982 1003 983
f 1005 1010 1006
f 959 1010 1005
f 959 958 1010
f 1011 1012 1013
f 1007 1014 1015
f 1007 1013 1014
f 1007 1015 1009
f 1016 1017 1018
f 1016 1012 1011
f 1012 1014 1013
f 1017 1016 1011
f 1019 996 1020
f 996 995 1020
f 983 985 981
f 1019 1020 1021
f 968 967 985
f 1000 999 1022
f 1000 1023 1024
f 1023 1000 1022
f 1024 1025 1026
f 1024 1023 1025
f 998 997 999
f 1027 1024 1026
f 1028 1019 1021
f 995 984 968
f 1029 1030 1028
f 1026 1031 1027
f 1030 1029 1032
f 1033 1034 1031
f 1034 1027 1031
f 1033 1031 1035
f 1036 1037 1038
f 1035 1036 1038
f 1035 1031 1036
f 1030 1019 1028
f 978 961 1004
f 1039 1040 1041
f 1039 1042 1040
f 1042 1043 1040
f 1044 1039 1045
f 1042 1046 1043
f 1047 1048 1049
f 1047 1049 1050
f 1045 1047 1044
f 1041 1045 1039
f 1051 1052 1053
f 1051 1054 1052
f 1055 1056 1057
f 1058 1059 1055
f 1060 1054 1051
f 1045 1062 1047
f 1045 1054 1060
f 1048 1047 1062
f 1061 1045 1060
f 1059 1058 1061
f 1063 1055 1057
f 1064 1065 1066
f 1064 1067 1065
f 1068 1066 1065
f 1069 1070 1068
f 1071 1068 1070
f 1069 1072 1073
f 1073 1074 1075
f 1072 1074 1073
f 1068 1071 1066
f 1076 1077 1078
f 1062 1076 1078
f 1079 1080 1081
f 1077 1079 1081
f 1062 1078 1048
f 1082 1083 1080
f 1083 1075 1084
f 1084 1075 1074
f 1083 1084 1085
f 1080 1083 1085
f 1086 1087 1088
f 1089 1087 1090
f 1082 1090 1083
f 1092 1094 1086
f 1077 1076 1079
f 1095 1063 1096
f 1097 1063 1095
f 1097 1098 1063
f 1055 1063 1058
f 1058 1099 1061
f 1099 1100 1101
f 1102 1100 1103
f 1100 1102 1101
f 1099 1104 1061
f 1102 1103 1105
f 1106 1107 1108
f 1105 1103 1109
f 1108 1107 1101
f 1110 1111 1112
f 1111 1110 1113
f 1110 1112 1114
f 1115 1106 1111
f 1116 1110 1114
f 1117 1114 1112
f 1118 1116 1114
f 1111 1113 1115
f 1104 1062 1061
f 1080 1079 1082
f 1091 1119 1120
f 1091 1082 1119
f 1104 1101 1107
f 1091 1089 1090
f 1121 1120 1122
f 1121 1123 1124
f 1087 1089 1088
f 1125 1116 1126
f 1127 1125 1128
f 1126 1128 1125
f 1116 1118 1126
f 1119 1129 1120
f 1130 1120 1129
f 1131 1132 1129
f 1132 1133 1130
f 1130 1129 1132
f 1134 1133 1135
f 1127 1131 1125
f 1122 1120 1130
f 1107 1106 1115
f 1127 1132 1131
f 1063 1057 1096
f 1136 1137 1138
f 1139 1136 1138
f 1136 1140 1137
f 1141 1137 1140
f 1140 1136 1094
f 1142 1143 1144
f 1142 1144 1145
f 1142 1145 1146
f 1092 1147 1093
f 1145 1148 1146
f 1149 1147 1150
f 1149 1151 1152
f 1153 1148 1155
f 1148 1152 1155
f 1154 1146 1148
f 1156 1157 1158
f 1158 1154 1153
f 1158 1153 1156
f 1147 1092 1150
f 1140 1094 1093
f 1156 1159 1157
f 1160 1161 1162
f 1163 1164 1160
f 1164 1165 1166
f 1166 1167 1164
f 1163 1165 1164
f 1164 1161 1160
f 1168 1169 1170
f 1167 1171 1172
f 1161 1169 1168
f 1161 1168 1162
f 1173 1167 1166
f 1174 1175 1176
f 1175 1171 1177
f 1159 1178 1174
f 1179 1180 1178
f 1174 1178 1180
f 1176 1159 1174
f 1177 1167 1173
f 1174 1171 1175
f 1181 1182 1183
f 1182 1181 1184
f 1184 1181 1172
f 1172 1185 1184
f 1172 1171 1185
f 1186 1187 1188
f 1187 1189 1190
f 1190 1188 1187
f 1151 1150 1189
f 1191 1192 1193
f 1193 1194 1195
f 1155 1152 1151
f 1153 1192 1191
f 1155 1192 1153
f 1151 1189 1187
f 1186 1188 1196
f 1124 1186 1196
f 1192 1194 1193
f 1194 1197 1195
f 1198 1199 1194
f 1198 1200 1199
f 1201 1197 1194
f 1200 1203 1199
f 1121 1122 1123
f 1204 1205 1206
f 1207 1205 1204
f 1208 1209 1197
f 1210 1205 1207
f 1209 1207 1197
f 1211 1212 1210
f 1212 1211 1213
f 1210 1207 1211
f 1197 1214 1208
f 1197 1215 1214
f 1216 1217 1218
f 1219 1220 1218
f 1221 1218 1222
f 1223 1216 1224
f 1225 1226 1227
f 1228 1220 1219
f 1221 1219 1218
f 1228 1219 1227
f 1226 1228 1227
f 1229 1214 1215
f 1223 1224 1229
f 1199 1203 1134
f 1086 1088 1092
f 1230 1231 1232
f 1117 1233 1231
f 1234 1235 1236
f 1237 1238 1239
f 1240 1236 1241
f 1237 1242 1231
f 1230 1232 1243
f 1244 1245 1246
f 1243 1232 1245
f 1230 1117 1231
f 1247 1238 1235
f 1112 1233 1117
f 1241 1248 1240
f 1249 1250 1251
f 1240 1234 1236
f 1234 1247 1235
f 1250 1247 1234
f 1239 1238 1247
f 1249 1247 1250
f 1252 1242 1239
f 1253 1251 1254
f 1252 1255 1256
f 1257 1133 1244
f 1242 1232 1231
f 1232 1246 1245
f 1244 1246 1258
f 1244 1258 1257
f 1256 1259 1260
f 1252 1260 1261
f 1259 1256 1262
f 1259 1262 1257
f 1263 1257 1262
f 1261 1242 1252
f 1256 1264 1265
f 1263 1135 1257
f 1255 1264 1256
f 1132 1244 1133
f 1266 1267 1268
f 1269 1266 1268
f 1267 1253 1254
f 1269 1270 1266
f 1271 1272 1273
f 1274 1249 1275
f 1251 1275 1249
f 1267 1254 1268
f 1274 1276 1277
f 1275 1276 1274
f 1278 1279 1280
f 1279 1278 1281
f 1281 1278 1282
f 1283 1281 1282
f 1284 1285 1282
f 1265 1264 1286
f 1272 1271 1264
f 1287 1288 1289
f 1290 1289 1288
f 1265 1286 1291
f 1292 1293 1294
f 1293 1291 1294
f 1289 1295 1292
f 1295 1296 1292
f 1295 1289 1290
f 1297 1287 1283
f 1295 1298 1296
f 1282 1297 1283
f 1284 1299 1285
f 1300 1301 1302
f 1303 1305 1306
f 1307 1308 1298
f 1309 1306 1310
f 1302 1301 1310
f 1301 1309 1310
f 1309 1303 1306
f 1265 1291 1293
f 1255 1272 1264
f 1134 1312 1199
f 1313 1315 1316
f 1312 1316 1199
f 1199 1201 1194
f 1315 1314 1317
f 1197 1202 1318
f 1135 1311 1134
f 1263 1319 1320
f 1321 1322 1323
f 1323 1319 1321
f 1322 1324 1325
f 1326 1325 1324
f 1320 1135 1263
f 1316 1312 1313
f 1327 1328 1329
f 1314 1330 1317
f 1331 1313 1332
f 1321 1319 1263
f 1331 1332 1327
f 1215 1333 1229
f 1334 1335 1318
f 1336 1335 1337
f 1222 1218 1217
f 1217 1216 1223
f 1333 1215 1338
f 1339 1338 1215
f 1223 1229 1333
f 1338 1339 1340
f 1197 1318 1215
f 1330 1341 1342
f 1343 1344 1342
f 1344 1346 1347
f 1336 1344 1347
f 1348 1340 1339
f 1344 1336 1337
f 1335 1334 1337
f 1334 1318 1202
f 1349 1328 1326
f 1350 1326 1324
f 1324 1308 1307
f 1298 1308 1296
f 1296 1293 1292
f 1351 1352 1350
f 1352 1353 1354
f 1355 1354 1353
f 1350 1349 1326
f 1354 1350 1352
f 1321 1324 1322
f 1328 1349 1329
f 1351 1356 1352
f 1305 1356 1351
f 1305 1304 1356
f 1357 1358 1359
f 1353 1360 1361
f 1353 1359 1360
f 1353 1361 1355
f 1362 1363 1364
f 1362 1358 1357
f 1358 1360 1359
f 1363 1362 1357
f 1365 1342 1366
f 1342 1341 1366
f 1329 1331 1327
f 1365 1366 1367
f 1314 1313 1331
f 1346 1345 1368
f 1346 1369 1370
f 1369 1346 1368
f 1370 1371 1372
f 1370 1369 1371
f 1344 1343 1345
f 1373 1370 1372
f 1374 1365 1367
f 1341 1330 1314
f 1375 1376 1374
f 1372 1377 1373
f 1376 1375 1378
f 1379 1380 1377
f 1380 1373 1377
f 1379 1377 1381
f 1382 1383 1384
f 1381 1382 1384
f 1381 1377 1382
f 1376 1365 1374
f 1324 1307 1350
f 7 23 24
f 31 30 34
f 44 53 52
f 54 55 56
f 61 63 66
f 111 112 113
f 115 116 110
f 121 118 140
f 139 133 129
f 86 85 148
f 163 164 159
f 171 173 169
f 199 201 204
f 219 97 95
f 214 218 222
f 213 215 237
f 259 250 249
f 244 247 259
f 265 266 267
f 96 273 274
f 275 276 277
f 306 307 308
f 312 316 311
f 327 305 304
f 353 369 370
f 377 376 380
f 390 399 398
f 400 401 402
f 407 409 412
f 457 458 459
f 461 462 456
f 467 464 486
f 485 479 475
f 432 431 494
f 509 510 505
f 517 519 515
f 545 547 550
f 565 443 441
f 560 564 568
f 559 561 583
f 605 596 595
f 590 593 605
f 611 612 613
f 442 619 620
f 621 622 623
f 652 653 654
f 658 662 657
f 673 651 650
f 699 715 716
f 723 722 726
f 736 745 744
f 746 747 748
f 753 755 758
f 803 804 805
f 807 808 802
f 813 810 832
f 831 825 821
f 778 777 840
f 855 856 851
f 863 865 861
f 891 893 896
f 911 789 787
f 906 910 914
f 905 907 929
f 951 942 941
f 936 939 951
f 957 958 959
f 788 965 966
f 967 968 969
f 998 999 1000
f 1004 1008 1003
f 1019 997 996
f 1045 1061 1062
f 1069 1068 1072
f 1082 1091 1090
f 1092 1093 1094
f 1099 1101 1104
f 1149 1150 1151
f 1153 1154 1148
f 1159 1156 1178
f 1177 1171 1167
f 1124 1123 1186
f 1201 1202 1197
f 1209 1211 1207
f 1237 1239 1242
f 1257 1135 1133
f 1252 1256 1260
f 1251 1253 1275
f 1297 1288 1287
f 1282 1285 1297
f 1303 1304 1305
f 1134 1311 1312
f 1313 1314 1315
f 1344 1345 1346
f 1350 1354 1349
f 1365 1343 1342
