# OBJ created with rayvertex
v -0.312394 -0.470235 -0.312398
v -0.330321 -0.452626 -0.330321
v -0.328753 -0.469058 -0.328757
v -0.346558 -0.437019 -0.346555
v -0.344830 -0.437132 -0.344827
v -0.347571 -0.430769 -0.347575
v -0.336518 -0.427089 -0.336518
v -0.333069 -0.436213 -0.333066
v -0.301920 -0.471515 -0.301924
v -0.339357 -0.428120 -0.339361
v -0.290692 -0.478639 -0.290695
v -0.267177 -0.496524 -0.267177
v -0.232290 -0.468261 -0.232290
v -0.252737 -0.500000 -0.252740
v -0.237527 -0.490062 -0.237527
v -0.246122 -0.499001 -0.246125
v -0.240892 -0.495723 -0.240892
v -0.226094 -0.458283 -0.226090
v -0.344183 -0.395995 -0.344183
v -0.326333 -0.478919 -0.326333
v -0.216411 -0.449918 -0.216407
v -0.350471 -0.329254 -0.350467
v -0.353554 -0.360543 -0.353554
v -0.352770 -0.375100 -0.352774
v -0.350159 -0.385928 -0.350155
v -0.347929 -0.296664 -0.347929
v -0.223688 -0.213660 -0.223684
v -0.347396 -0.264716 -0.347396
v -0.333016 -0.218160 -0.333012
v -0.342965 -0.236923 -0.342965
v -0.226916 -0.209599 -0.226916
v -0.309121 -0.180078 -0.309125
v -0.323486 -0.195794 -0.323486
v -0.279738 -0.142825 -0.279741
v -0.292755 -0.166702 -0.292755
v -0.232868 -0.175316 -0.232868
v -0.230082 -0.200023 -0.230079
v -0.268174 -0.130657 -0.268174
v -0.264612 -0.124317 -0.264608
v -0.229367 -0.152205 -0.229363
v -0.263325 -0.116427 -0.263329
v -0.226520 -0.149132 -0.226520
v -0.265122 -0.106431 -0.265122
v -0.231430 -0.157490 -0.231430
v -0.259390 -0.038625 -0.259394
v -0.269263 -0.101945 -0.269267
v -0.192150 -0.426623 -0.192154
v -0.078407 -0.456132 -0.078403
v -0.114185 -0.417964 -0.114185
v -0.091234 -0.451941 -0.091237
v -0.172092 -0.404560 -0.172092
v -0.219745 -0.212960 -0.219745
v -0.161107 -0.397869 -0.161103
v -0.122277 -0.410907 -0.122273
v -0.040239 -0.336616 -0.040243
v -0.151272 -0.396992 -0.151272
v -0.138879 -0.408861 -0.138879
v -0.046724 -0.391487 -0.046728
v -0.040893 -0.440027 -0.040893
v -0.063121 -0.455778 -0.063121
v -0.048833 -0.451553 -0.048833
v -0.042888 -0.446075 -0.042888
v -0.171955 -0.159965 -0.171951
v -0.025410 -0.279805 -0.025406
v -0.015872 -0.240243 -0.015868
v -0.012812 -0.111552 -0.012812
v -0.162264 -0.149730 -0.162260
v -0.019663 -0.251514 -0.019663
v 0.006440 -0.176679 0.006444
v -0.002664 -0.229786 -0.002664
v 0.006547 -0.231107 0.006547
v -0.010376 -0.232675 -0.010372
v 0.003486 -0.175491 0.003486
v -0.191853 -0.178164 -0.191849
v -0.171939 -0.139436 -0.171939
v -0.212323 -0.010365 -0.212323
v -0.189676 -0.136913 -0.189676
v -0.210770 -0.147095 -0.210770
v -0.222927 -0.018865 -0.222927
v 0.000837 -0.151285 0.000834
v -0.012705 -0.100974 -0.012705
v -0.163018 -0.144598 -0.163014
v -0.203287 0.005763 -0.203291
v -0.010208 -0.090625 -0.010212
v -0.287418 -0.098338 -0.287415
v -0.293493 -0.068757 -0.293493
v -0.295084 -0.083680 -0.295088
v -0.293333 -0.092293 -0.293333
v -0.289032 -0.053512 -0.289032
v -0.262907 -0.040123 -0.262907
v -0.282607 -0.041005 -0.282607
v -0.277492 -0.037500 -0.277492
v -0.227182 -0.018965 -0.227182
v -0.257761 -0.034089 -0.257757
v -0.248892 0.002440 -0.248892
v -0.257776 -0.001713 -0.257772
v -0.255424 0.003949 -0.255420
v -0.162493 0.111131 -0.162493
v -0.161967 0.120753 -0.161967
v -0.230562 0.149494 -0.230562
v -0.209788 0.060549 -0.209788
v -0.137981 0.087506 -0.137981
v -0.200189 0.024750 -0.200189
v -0.201529 0.042227 -0.201529
v -0.153830 0.093845 -0.153826
v -0.205160 0.054680 -0.205163
v -0.159562 0.101788 -0.159562
v -0.233987 0.070264 -0.233987
v -0.239879 0.084353 -0.239879
v -0.237634 0.076263 -0.237630
v -0.240481 0.104705 -0.240485
v -0.214058 0.187537 -0.214055
v -0.147671 0.149594 -0.147675
v -0.186654 0.222656 -0.186650
v -0.146301 0.088640 -0.146301
v -0.136200 0.167114 -0.136200
v -0.140196 0.252328 -0.140200
v -0.154416 0.251982 -0.154420
v -0.130673 0.173238 -0.130669
v -0.166314 0.246624 -0.166314
v -0.111589 0.248206 -0.111589
v -0.125215 0.176282 -0.125211
v -0.119704 0.175533 -0.119700
v -0.074646 0.087717 -0.074646
v -0.098070 0.103320 -0.098070
v 0.000320 -0.073462 0.000324
v -0.068008 0.090303 -0.068005
v -0.105583 0.105696 -0.105583
v -0.063129 0.222120 -0.063129
v -0.068686 0.237088 -0.068682
v -0.106892 0.251323 -0.106888
v -0.103406 0.256879 -0.103406
v -0.069988 0.272696 -0.069988
v -0.098572 0.155923 -0.098572
v -0.067011 0.287794 -0.067011
v -0.098854 0.273982 -0.098854
v 0.007589 -0.068025 0.007589
v -0.063989 0.096169 -0.063989
v 0.015811 -0.065387 0.015815
v -0.062748 0.103073 -0.062752
v 0.154660 0.014614 0.154663
v 0.151995 0.210894 0.151991
v -0.038457 0.209936 -0.038461
v -0.055250 0.211628 -0.055254
v -0.064324 0.113193 -0.064324
v -0.045034 0.206592 -0.045031
v -0.032208 0.220877 -0.032212
v -0.023461 0.274090 -0.023457
v 0.149696 0.219295 0.149700
v -0.092101 0.319743 -0.092105
v -0.061980 0.298470 -0.061983
v -0.057252 0.299094 -0.057252
v -0.082464 0.357061 -0.082464
v -0.026970 0.304411 -0.026974
v -0.032581 0.383499 -0.032581
v -0.076922 0.387759 -0.076926
v -0.063464 0.411212 -0.063464
v -0.075149 0.407884 -0.075149
v -0.068724 0.412495 -0.068728
v -0.073284 0.411245 -0.073288
v -0.051985 0.403594 -0.051981
v -0.033715 0.295648 -0.033711
v -0.023507 0.297991 -0.023507
v 0.033547 0.373088 0.033544
v -0.025128 0.303976 -0.025132
v -0.007087 0.386751 -0.007091
v -0.020500 0.380939 -0.020504
v 0.038328 0.369413 0.038324
v -0.041540 0.288346 -0.041537
v 0.104076 -0.426195 0.104076
v 0.097049 -0.416551 0.097049
v 0.099896 -0.422282 0.099896
v 0.109557 -0.427799 0.109560
v 0.091363 -0.378109 0.091367
v 0.116331 -0.426600 0.116331
v 0.163528 -0.394093 0.163528
v 0.149552 -0.402565 0.149548
v 0.072934 -0.320925 0.072937
v 0.179856 -0.391939 0.179860
v 0.327901 -0.251634 0.327901
v 0.272376 -0.084342 0.272376
v 0.061759 -0.119291 0.061763
v 0.289542 -0.390984 0.289542
v 0.220255 -0.399668 0.220255
v 0.224876 -0.402234 0.224876
v 0.233569 -0.412449 0.233573
v 0.223018 -0.409218 0.223018
v 0.223437 -0.416320 0.223437
v 0.227106 -0.424754 0.227106
v 0.237847 -0.408563 0.237847
v 0.251404 -0.407824 0.251404
v 0.040201 -0.145647 0.040204
v 0.025440 -0.243046 0.025444
v 0.051497 -0.282197 0.051497
v 0.056483 -0.129000 0.056480
v 0.156608 0.012738 0.156604
v 0.034217 -0.070236 0.034217
v 0.062094 -0.111441 0.062094
v 0.052418 -0.088831 0.052418
v 0.058927 -0.100408 0.058923
v 0.271410 -0.075242 0.271406
v 0.171551 0.019179 0.171551
v 0.188953 0.033244 0.188957
v 0.277789 -0.006826 0.277785
v 0.194068 0.041224 0.194068
v 0.272765 -0.054217 0.272765
v 0.164472 0.033202 0.164476
v 0.155543 0.204312 0.155539
v 0.285637 -0.395934 0.285633
v 0.266256 -0.414202 0.266256
v 0.279692 -0.425255 0.279692
v 0.281298 -0.424242 0.281302
v 0.306160 -0.386505 0.306160
v 0.335125 -0.351967 0.335125
v 0.322047 -0.381927 0.322047
v 0.317198 -0.385559 0.317198
v 0.346414 -0.263835 0.346410
v 0.330093 -0.256428 0.330089
v 0.352093 -0.276794 0.352096
v 0.351050 -0.298303 0.351050
v 0.350091 -0.269136 0.350087
v 0.331288 -0.238944 0.331284
v 0.352976 -0.192676 0.352972
v 0.353554 -0.161199 0.353554
v 0.347624 -0.138142 0.347620
v 0.275452 -0.084923 0.275452
v 0.286885 0.011938 0.286882
v 0.274104 0.060389 0.274104
v 0.283178 0.007772 0.283178
v 0.267345 0.060472 0.267345
v 0.290547 0.011734 0.290547
v 0.306312 0.048867 0.306308
v 0.285454 0.062686 0.285451
v 0.340804 -0.093060 0.340807
v 0.339136 -0.054636 0.339133
v 0.305802 -0.058161 0.305802
v 0.329705 -0.014095 0.329701
v 0.298951 -0.010569 0.298951
v 0.307545 -0.050725 0.307549
v 0.308170 0.034259 0.308173
v 0.315112 0.023709 0.315116
v 0.293988 0.005387 0.293988
v 0.149917 0.257277 0.149921
v 0.144398 0.287698 0.144398
v 0.179331 0.064099 0.179331
v 0.161518 0.199675 0.161518
v 0.145426 0.293955 0.145426
v 0.048422 0.373194 0.048422
v 0.043405 0.369633 0.043405
v 0.148151 0.299573 0.148147
v 0.136649 0.370369 0.136653
v 0.127346 0.375915 0.127343
v 0.158001 0.308041 0.158005
v 0.156342 0.375513 0.156342
v 0.219296 0.154462 0.219296
v 0.165971 0.202499 0.165971
v 0.213373 0.199423 0.213377
v 0.171224 0.214254 0.171224
v 0.207375 0.251840 0.207375
v 0.182315 0.273947 0.182311
v 0.177337 0.241148 0.177340
v 0.207999 0.225109 0.207999
v 0.201376 0.292839 0.201380
v 0.183000 0.288803 0.182996
v 0.180975 0.335345 0.180979
v 0.167783 0.365530 0.167779
v 0.171460 0.310451 0.171460
v 0.178418 0.306729 0.178421
v 0.190293 0.311130 0.190297
v 0.181508 0.300383 0.181504
v 0.183487 0.067165 0.183487
v 0.019693 0.401209 0.019689
v 0.015796 0.404178 0.015792
v 0.011685 0.403322 0.011685
v 0.041000 0.488855 0.041000
v 0.051337 0.500000 0.051341
v 0.043314 0.496236 0.043314
v 0.040026 0.478648 0.040026
v 0.046047 0.499547 0.046043
v 0.042850 0.455765 0.042846
v 0.063137 0.495354 0.063140
v 0.059368 0.397996 0.059365
v 0.053012 0.379543 0.053008
v 0.120533 0.386942 0.120530
v 0.115311 0.414933 0.115315
v 0.059308 0.418604 0.059308
v 0.103307 0.446119 0.103307
v 0.089749 0.479402 0.089745
v 0.060343 0.408456 0.060339
v 0.161290 0.373586 0.161294
v 0.196360 0.056031 0.196364
v 0.220247 0.092674 0.220251
v 0.194586 0.061778 0.194586
v 0.189760 0.067238 0.189756
v 0.217545 0.097473 0.217549
v 0.265274 0.063864 0.265278
v 0.225804 0.089208 0.225804
v 0.196360 0.049000 0.196364
v 0.215939 0.114437 0.215939
v 0.231437 0.090794 0.231441
v 0.264734 0.107586 0.264734
v 0.242414 0.109064 0.242411
v 0.300984 0.066054 0.300980
v 0.287548 0.066021 0.287544
v 0.290585 0.095243 0.290585
v 0.289291 0.092108 0.289287
v 0.293919 0.093026 0.293919
v 0.211874 0.274546 0.211874
v 0.211737 0.283426 0.211737
v 0.210039 0.288608 0.210039
v 0.224312 0.172525 0.224308
v 0.262085 0.117482 0.262085
v 0.256490 0.119090 0.256486
v 0.251679 0.117349 0.251679
v 0.222858 0.185229 0.222862
v 0.224541 0.180090 0.224541
v 0.000000 -0.470235 0.441796
v 0.000000 -0.452626 0.467145
v 0.000000 -0.469059 0.464930
v 0.000000 -0.437020 0.490104
v 0.000000 -0.437132 0.487660
v 0.000000 -0.430769 0.491543
v 0.000000 -0.427089 0.475907
v 0.000000 -0.436213 0.471028
v 0.000000 -0.471516 0.426983
v 0.000000 -0.428120 0.479926
v 0.000000 -0.478639 0.411103
v 0.000000 -0.496524 0.377845
v 0.000000 -0.468261 0.328510
v 0.000000 -0.500000 0.357429
v 0.000000 -0.490062 0.335916
v 0.000000 -0.499001 0.348073
v 0.000000 -0.495723 0.340674
v 0.000000 -0.458283 0.319740
v 0.000000 -0.395995 0.486747
v 0.000000 -0.478919 0.461504
v 0.000000 -0.449918 0.306046
v 0.000000 -0.329254 0.495638
v 0.000000 -0.360543 0.500000
v 0.000000 -0.375100 0.498896
v 0.000000 -0.385929 0.495197
v 0.000000 -0.296664 0.492045
v 0.000000 -0.213660 0.316338
v 0.000000 -0.264716 0.491292
v 0.000000 -0.218160 0.470951
v 0.000000 -0.236923 0.485027
v 0.000000 -0.209599 0.320905
v 0.000000 -0.180078 0.437168
v 0.000000 -0.195794 0.457478
v 0.000000 -0.142825 0.395612
v 0.000000 -0.166702 0.414019
v 0.000000 -0.175316 0.329324
v 0.000000 -0.200023 0.325381
v 0.000000 -0.130657 0.379253
v 0.000000 -0.124318 0.374214
v 0.000000 -0.152205 0.324369
v 0.000000 -0.116428 0.372402
v 0.000000 -0.149132 0.320349
v 0.000000 -0.106431 0.374937
v 0.000000 -0.157490 0.327292
v 0.000000 -0.038625 0.366838
v 0.000000 -0.101945 0.380799
v 0.000000 -0.426623 0.271745
v 0.000000 -0.456132 0.110881
v 0.000000 -0.417964 0.161480
v 0.000000 -0.451941 0.129029
v 0.000000 -0.404560 0.243373
v 0.000000 -0.212960 0.310765
v 0.000000 -0.397869 0.227837
v 0.000000 -0.410907 0.172921
v 0.000000 -0.336616 0.056910
v 0.000000 -0.396992 0.213929
v 0.000000 -0.408861 0.196405
v 0.000000 -0.391487 0.066083
v 0.000000 -0.440027 0.057831
v 0.000000 -0.455778 0.089270
v 0.000000 -0.451554 0.069059
v 0.000000 -0.446075 0.060655
v 0.000000 -0.159966 0.243176
v 0.000000 -0.279805 0.035930
v 0.000000 -0.240243 0.022441
v 0.000000 -0.111552 0.018117
v 0.000000 -0.149730 0.229473
v 0.000000 -0.251514 0.027808
v 0.000000 -0.176679 -0.009112
v 0.000000 -0.229786 0.003768
v 0.000000 -0.231107 -0.009257
v 0.000000 -0.232675 0.014669
v 0.000000 -0.175491 -0.004933
v 0.000000 -0.178164 0.271318
v 0.000000 -0.139437 0.243160
v 0.000000 -0.010365 0.300268
v 0.000000 -0.136913 0.268243
v 0.000000 -0.147095 0.298076
v 0.000000 -0.018865 0.315264
v 0.000000 -0.151285 -0.001180
v 0.000000 -0.100974 0.017965
v 0.000000 -0.144598 0.230539
v 0.000000 0.005763 0.287494
v 0.000000 -0.090625 0.014441
v 0.000000 -0.098338 0.406467
v 0.000000 -0.068757 0.415062
v 0.000000 -0.083681 0.417315
v 0.000000 -0.092293 0.414833
v 0.000000 -0.053513 0.408751
v 0.000000 -0.040123 0.371809
v 0.000000 -0.041006 0.399670
v 0.000000 -0.037500 0.392430
v 0.000000 -0.018965 0.321286
v 0.000000 -0.034089 0.364524
v 0.000000 0.002440 0.351986
v 0.000000 -0.001713 0.364546
v 0.000000 0.003949 0.361220
v 0.000000 0.111131 0.229801
v 0.000000 0.120753 0.229055
v 0.000000 0.149494 0.326066
v 0.000000 0.060549 0.296683
v 0.000000 0.087506 0.195134
v 0.000000 0.024750 0.283110
v 0.000000 0.042227 0.285005
v 0.000000 0.093845 0.217545
v 0.000000 0.054680 0.290144
v 0.000000 0.101788 0.225652
v 0.000000 0.070263 0.330908
v 0.000000 0.084353 0.339243
v 0.000000 0.076263 0.336061
v 0.000000 0.104705 0.340096
v 0.000000 0.187537 0.302719
v 0.000000 0.149594 0.208844
v 0.000000 0.222656 0.263965
v 0.000000 0.088639 0.206903
v 0.000000 0.167114 0.192615
v 0.000000 0.252328 0.198270
v 0.000000 0.251982 0.218382
v 0.000000 0.173238 0.184797
v 0.000000 0.246624 0.235205
v 0.000000 0.248206 0.157811
v 0.000000 0.176281 0.177078
v 0.000000 0.175533 0.169283
v 0.000000 0.087717 0.105568
v 0.000000 0.103320 0.138689
v 0.000000 -0.073462 -0.000457
v 0.000000 0.090303 0.096174
v 0.000000 0.105696 0.149316
v 0.000000 0.222120 0.089277
v 0.000000 0.237088 0.097133
v 0.000000 0.251323 0.151165
v 0.000000 0.256878 0.146240
v 0.000000 0.272696 0.098975
v 0.000000 0.155923 0.139404
v 0.000000 0.287794 0.094766
v 0.000000 0.273982 0.139800
v 0.000000 -0.068025 -0.010733
v 0.000000 0.096169 0.090495
v 0.000000 -0.065387 -0.022365
v 0.000000 0.103073 0.088744
v 0.000000 0.014614 -0.218725
v 0.000000 0.210894 -0.214949
v 0.000000 0.209936 0.054390
v 0.000000 0.211628 0.078140
v 0.000000 0.113193 0.090967
v 0.000000 0.206592 0.063685
v 0.000000 0.220877 0.045552
v 0.000000 0.274090 0.033174
v 0.000000 0.219295 -0.211706
v 0.000000 0.319743 0.130254
v 0.000000 0.298470 0.087656
v 0.000000 0.299094 0.080965
v 0.000000 0.357061 0.116621
v 0.000000 0.304411 0.038145
v 0.000000 0.383499 0.046077
v 0.000000 0.387759 0.108788
v 0.000000 0.411212 0.089749
v 0.000000 0.407884 0.106276
v 0.000000 0.412495 0.097194
v 0.000000 0.411245 0.103642
v 0.000000 0.403594 0.073512
v 0.000000 0.295648 0.047676
v 0.000000 0.297991 0.033243
v 0.000000 0.373088 -0.047440
v 0.000000 0.303976 0.035542
v 0.000000 0.386751 0.010025
v 0.000000 0.380939 0.028995
v 0.000000 0.369413 -0.054200
v 0.000000 0.288346 0.058744
v 0.000000 -0.426195 -0.147184
v 0.000000 -0.416551 -0.137250
v 0.000000 -0.422281 -0.141277
v 0.000000 -0.427799 -0.154941
v 0.000000 -0.378109 -0.129212
v 0.000000 -0.426600 -0.164517
v 0.000000 -0.394093 -0.231262
v 0.000000 -0.402565 -0.211493
v 0.000000 -0.320925 -0.103147
v 0.000000 -0.391939 -0.254358
v 0.000000 -0.251634 -0.463720
v 0.000000 -0.084342 -0.385199
v 0.000000 -0.119291 -0.087344
v 0.000000 -0.390984 -0.409474
v 0.000000 -0.399668 -0.311489
v 0.000000 -0.402234 -0.318020
v 0.000000 -0.412449 -0.330321
v 0.000000 -0.409218 -0.315394
v 0.000000 -0.416320 -0.315987
v 0.000000 -0.424754 -0.321179
v 0.000000 -0.408563 -0.336366
v 0.000000 -0.407824 -0.355541
v 0.000000 -0.145647 -0.056856
v 0.000000 -0.243046 -0.035983
v 0.000000 -0.282197 -0.072827
v 0.000000 -0.129000 -0.079876
v 0.000000 0.012738 -0.221473
v 0.000000 -0.070236 -0.048392
v 0.000000 -0.111441 -0.087816
v 0.000000 -0.088831 -0.074129
v 0.000000 -0.100408 -0.083332
v 0.000000 -0.075242 -0.383828
v 0.000000 0.019179 -0.242612
v 0.000000 0.033244 -0.267223
v 0.000000 -0.006826 -0.392849
v 0.000000 0.041224 -0.274455
v 0.000000 -0.054217 -0.385747
v 0.000000 0.033202 -0.232602
v 0.000000 0.204312 -0.219966
v 0.000000 -0.395934 -0.403948
v 0.000000 -0.414202 -0.376543
v 0.000000 -0.425255 -0.395544
v 0.000000 -0.424242 -0.397820
v 0.000000 -0.386505 -0.432974
v 0.000000 -0.351966 -0.473935
v 0.000000 -0.381927 -0.455445
v 0.000000 -0.385559 -0.448586
v 0.000000 -0.263835 -0.489898
v 0.000000 -0.256428 -0.466818
v 0.000000 -0.276793 -0.497937
v 0.000000 -0.298303 -0.496460
v 0.000000 -0.269136 -0.495098
v 0.000000 -0.238944 -0.468508
v 0.000000 -0.192676 -0.499178
v 0.000000 -0.161199 -0.500000
v 0.000000 -0.138142 -0.491611
v 0.000000 -0.084923 -0.389545
v 0.000000 0.011938 -0.405714
v 0.000000 0.060389 -0.387642
v 0.000000 0.007772 -0.400477
v 0.000000 0.060472 -0.378081
v 0.000000 0.011734 -0.410898
v 0.000000 0.048867 -0.433187
v 0.000000 0.062686 -0.403689
v 0.000000 -0.093060 -0.481974
v 0.000000 -0.054636 -0.479607
v 0.000000 -0.058160 -0.432471
v 0.000000 -0.014095 -0.466270
v 0.000000 -0.010569 -0.422781
v 0.000000 -0.050725 -0.434938
v 0.000000 0.034259 -0.435821
v 0.000000 0.023709 -0.445640
v 0.000000 0.005387 -0.415762
v 0.000000 0.257277 -0.212018
v 0.000000 0.287698 -0.204208
v 0.000000 0.064100 -0.253612
v 0.000000 0.199675 -0.228423
v 0.000000 0.293955 -0.205662
v 0.000000 0.373194 -0.068480
v 0.000000 0.369633 -0.061386
v 0.000000 0.299573 -0.209514
v 0.000000 0.370369 -0.193254
v 0.000000 0.375915 -0.180092
v 0.000000 0.308041 -0.223452
v 0.000000 0.375513 -0.221100
v 0.000000 0.154463 -0.310134
v 0.000000 0.202499 -0.234718
v 0.000000 0.199423 -0.301760
v 0.000000 0.214254 -0.242148
v 0.000000 0.251840 -0.293272
v 0.000000 0.273947 -0.257829
v 0.000000 0.241148 -0.250795
v 0.000000 0.225109 -0.294155
v 0.000000 0.292839 -0.284792
v 0.000000 0.288803 -0.258796
v 0.000000 0.335345 -0.255941
v 0.000000 0.365530 -0.237276
v 0.000000 0.310451 -0.242483
v 0.000000 0.306730 -0.252326
v 0.000000 0.311131 -0.269118
v 0.000000 0.300383 -0.256687
v 0.000000 0.067165 -0.259489
v 0.000000 0.401209 -0.027846
v 0.000000 0.404178 -0.022335
v 0.000000 0.403322 -0.016526
v 0.000000 0.488855 -0.057983
v 0.000000 0.500000 -0.072606
v 0.000000 0.496236 -0.061256
v 0.000000 0.478648 -0.056605
v 0.000000 0.499547 -0.065116
v 0.000000 0.455765 -0.060594
v 0.000000 0.495354 -0.089293
v 0.000000 0.397996 -0.083956
v 0.000000 0.379543 -0.074966
v 0.000000 0.386942 -0.170455
v 0.000000 0.414933 -0.163079
v 0.000000 0.418604 -0.083873
v 0.000000 0.446119 -0.146096
v 0.000000 0.479402 -0.126920
v 0.000000 0.408456 -0.085334
v 0.000000 0.373586 -0.228103
v 0.000000 0.056032 -0.277697
v 0.000000 0.092674 -0.311481
v 0.000000 0.061778 -0.275185
v 0.000000 0.067238 -0.268357
v 0.000000 0.097473 -0.307660
v 0.000000 0.063864 -0.375158
v 0.000000 0.089208 -0.319337
v 0.000000 0.049000 -0.277697
v 0.000000 0.114438 -0.305383
v 0.000000 0.090795 -0.327307
v 0.000000 0.107586 -0.374389
v 0.000000 0.109064 -0.342821
v 0.000000 0.066054 -0.425650
v 0.000000 0.066021 -0.406650
v 0.000000 0.095244 -0.410951
v 0.000000 0.092108 -0.409117
v 0.000000 0.093026 -0.415663
v 0.000000 0.274547 -0.299636
v 0.000000 0.283426 -0.299438
v 0.000000 0.288609 -0.297040
v 0.000000 0.172525 -0.317221
v 0.000000 0.117482 -0.370644
v 0.000000 0.119090 -0.362727
v 0.000000 0.117349 -0.355929
v 0.000000 0.185229 -0.315173
v 0.000000 0.180090 -0.317548
v -0.312394 -0.470235 0.312398
v -0.330321 -0.452626 0.330321
v -0.328753 -0.469058 0.328757
v -0.346558 -0.437019 0.346555
v -0.344830 -0.437132 0.344827
v -0.347571 -0.430769 0.347575
v -0.336518 -0.427089 0.336518
v -0.333069 -0.436213 0.333066
v -0.301920 -0.471516 0.301924
v -0.339357 -0.428120 0.339361
v -0.290692 -0.478639 0.290695
v -0.267177 -0.496524 0.267177
v -0.232290 -0.468261 0.232290
v -0.252737 -0.500000 0.252740
v -0.237527 -0.490062 0.237527
v -0.246122 -0.499001 0.246125
v -0.240892 -0.495723 0.240892
v -0.226094 -0.458283 0.226090
v -0.344183 -0.395995 0.344183
v -0.326333 -0.478919 0.326333
v -0.216411 -0.449918 0.216407
v -0.350471 -0.329254 0.350467
v -0.353554 -0.360543 0.353554
v -0.352770 -0.375100 0.352774
v -0.350159 -0.385929 0.350155
v -0.347929 -0.296664 0.347929
v -0.223688 -0.213660 0.223684
v -0.347396 -0.264716 0.347396
v -0.333016 -0.218160 0.333012
v -0.342965 -0.236923 0.342965
v -0.226916 -0.209599 0.226916
v -0.309121 -0.180078 0.309125
v -0.323486 -0.195794 0.323486
v -0.279738 -0.142825 0.279741
v -0.292755 -0.166702 0.292755
v -0.232868 -0.175316 0.232868
v -0.230082 -0.200023 0.230079
v -0.268174 -0.130657 0.268174
v -0.264612 -0.124318 0.264608
v -0.229367 -0.152205 0.229363
v -0.263325 -0.116428 0.263329
v -0.226520 -0.149132 0.226520
v -0.265122 -0.106431 0.265122
v -0.231430 -0.157490 0.231430
v -0.259390 -0.038625 0.259394
v -0.269263 -0.101945 0.269267
v -0.192150 -0.426623 0.192154
v -0.078407 -0.456132 0.078403
v -0.114185 -0.417964 0.114185
v -0.091234 -0.451941 0.091237
v -0.172092 -0.404560 0.172092
v -0.219745 -0.212960 0.219745
v -0.161107 -0.397869 0.161103
v -0.122277 -0.410907 0.122273
v -0.040239 -0.336616 0.040243
v -0.151272 -0.396992 0.151272
v -0.138879 -0.408861 0.138879
v -0.046724 -0.391487 0.046728
v -0.040893 -0.440027 0.040893
v -0.063121 -0.455778 0.063121
v -0.048833 -0.451554 0.048833
v -0.042888 -0.446075 0.042888
v -0.171955 -0.159966 0.171951
v -0.025410 -0.279805 0.025406
v -0.015872 -0.240243 0.015868
v -0.012812 -0.111552 0.012812
v -0.162264 -0.149730 0.162260
v -0.019663 -0.251514 0.019663
v 0.006440 -0.176679 -0.006444
v -0.002664 -0.229786 0.002664
v 0.006547 -0.231107 -0.006547
v -0.010376 -0.232675 0.010372
v 0.003486 -0.175491 -0.003486
v -0.191853 -0.178164 0.191849
v -0.171939 -0.139437 0.171939
v -0.212323 -0.010365 0.212323
v -0.189676 -0.136913 0.189676
v -0.210770 -0.147095 0.210770
v -0.222927 -0.018865 0.222927
v 0.000837 -0.151285 -0.000834
v -0.012705 -0.100974 0.012705
v -0.163018 -0.144598 0.163014
v -0.203287 0.005763 0.203291
v -0.010208 -0.090625 0.010212
v -0.287418 -0.098338 0.287415
v -0.293493 -0.068757 0.293493
v -0.295084 -0.083680 0.295088
v -0.293333 -0.092293 0.293333
v -0.289032 -0.053513 0.289032
v -0.262907 -0.040123 0.262907
v -0.282607 -0.041006 0.282607
v -0.277492 -0.037500 0.277492
v -0.227182 -0.018965 0.227182
v -0.257761 -0.034089 0.257757
v -0.248892 0.002440 0.248892
v -0.257776 -0.001713 0.257772
v -0.255424 0.003949 0.255420
v -0.162493 0.111131 0.162493
v -0.161967 0.120753 0.161967
v -0.230562 0.149494 0.230562
v -0.209788 0.060549 0.209788
v -0.137981 0.087506 0.137981
v -0.200189 0.024750 0.200189
v -0.201529 0.042227 0.201529
v -0.153830 0.093845 0.153826
v -0.205160 0.054680 0.205163
v -0.159562 0.101788 0.159562
v -0.233987 0.070263 0.233987
v -0.239879 0.084353 0.239879
v -0.237634 0.076263 0.237630
v -0.240481 0.104705 0.240485
v -0.214058 0.187537 0.214055
v -0.147671 0.149594 0.147675
v -0.186654 0.222656 0.186650
v -0.146301 0.088639 0.146301
v -0.136200 0.167114 0.136200
v -0.140196 0.252328 0.140200
v -0.154416 0.251982 0.154420
v -0.130673 0.173238 0.130669
v -0.166314 0.246624 0.166314
v -0.111589 0.248206 0.111589
v -0.125215 0.176281 0.125211
v -0.119704 0.175533 0.119700
v -0.074646 0.087717 0.074646
v -0.098070 0.103320 0.098070
v 0.000320 -0.073462 -0.000324
v -0.068008 0.090303 0.068005
v -0.105583 0.105696 0.105583
v -0.063129 0.222120 0.063129
v -0.068686 0.237088 0.068682
v -0.106892 0.251323 0.106888
v -0.103406 0.256879 0.103406
v -0.069988 0.272696 0.069988
v -0.098572 0.155923 0.098572
v -0.067011 0.287794 0.067011
v -0.098854 0.273982 0.098854
v 0.007589 -0.068025 -0.007589
v -0.063989 0.096169 0.063989
v 0.015811 -0.065387 -0.015815
v -0.062748 0.103073 0.062752
v 0.154660 0.014614 -0.154663
v 0.151995 0.210894 -0.151991
v -0.038457 0.209936 0.038461
v -0.055250 0.211628 0.055254
v -0.064324 0.113193 0.064324
v -0.045034 0.206592 0.045031
v -0.032208 0.220877 0.032212
v -0.023461 0.274090 0.023457
v 0.149696 0.219295 -0.149700
v -0.092101 0.319743 0.092105
v -0.061980 0.298470 0.061983
v -0.057252 0.299094 0.057252
v -0.082464 0.357061 0.082464
v -0.026970 0.304411 0.026974
v -0.032581 0.383499 0.032581
v -0.076922 0.387759 0.076926
v -0.063464 0.411212 0.063464
v -0.075149 0.407884 0.075149
v -0.068724 0.412495 0.068728
v -0.073284 0.411245 0.073288
v -0.051985 0.403594 0.051981
v -0.033715 0.295648 0.033711
v -0.023507 0.297991 0.023507
v 0.033547 0.373088 -0.033544
v -0.025128 0.303976 0.025132
v -0.007087 0.386751 0.007091
v -0.020500 0.380939 0.020504
v 0.038328 0.369413 -0.038324
v -0.041540 0.288346 0.041537
v 0.104076 -0.426195 -0.104076
v 0.097049 -0.416551 -0.097049
v 0.099896 -0.422282 -0.099896
v 0.109557 -0.427799 -0.109560
v 0.091363 -0.378109 -0.091367
v 0.116331 -0.426600 -0.116331
v 0.163528 -0.394093 -0.163528
v 0.149552 -0.402565 -0.149548
v 0.072934 -0.320925 -0.072937
v 0.179856 -0.391939 -0.179860
v 0.327901 -0.251634 -0.327901
v 0.272376 -0.084342 -0.272376
v 0.061759 -0.119291 -0.061763
v 0.289542 -0.390984 -0.289542
v 0.220255 -0.399668 -0.220255
v 0.224876 -0.402234 -0.224876
v 0.233569 -0.412449 -0.233573
v 0.223018 -0.409218 -0.223018
v 0.223437 -0.416320 -0.223437
v 0.227106 -0.424754 -0.227106
v 0.237847 -0.408563 -0.237847
v 0.251404 -0.407824 -0.251404
v 0.040201 -0.145647 -0.040204
v 0.025440 -0.243046 -0.025444
v 0.051497 -0.282197 -0.051497
v 0.056483 -0.129000 -0.056480
v 0.156608 0.012738 -0.156604
v 0.034217 -0.070236 -0.034217
v 0.062094 -0.111441 -0.062094
v 0.052418 -0.088831 -0.052418
v 0.058927 -0.100408 -0.058923
v 0.271410 -0.075242 -0.271406
v 0.171551 0.019179 -0.171551
v 0.188953 0.033244 -0.188957
v 0.277789 -0.006826 -0.277785
v 0.194068 0.041224 -0.194068
v 0.272765 -0.054217 -0.272765
v 0.164472 0.033202 -0.164476
v 0.155543 0.204312 -0.155539
v 0.285637 -0.395934 -0.285633
v 0.266256 -0.414202 -0.266256
v 0.279692 -0.425255 -0.279692
v 0.281298 -0.424242 -0.281302
v 0.306160 -0.386505 -0.306160
v 0.335125 -0.351966 -0.335125
v 0.322047 -0.381927 -0.322047
v 0.317198 -0.385559 -0.317198
v 0.346414 -0.263835 -0.346410
v 0.330093 -0.256428 -0.330089
v 0.352093 -0.276794 -0.352096
v 0.351050 -0.298303 -0.351050
v 0.350091 -0.269136 -0.350087
v 0.331288 -0.238944 -0.331284
v 0.352976 -0.192676 -0.352972
v 0.353554 -0.161199 -0.353554
v 0.347624 -0.138142 -0.347620
v 0.275452 -0.084923 -0.275452
v 0.286885 0.011938 -0.286882
v 0.274104 0.060389 -0.274104
v 0.283178 0.007772 -0.283178
v 0.267345 0.060472 -0.267345
v 0.290547 0.011734 -0.290547
v 0.306312 0.048867 -0.306308
v 0.285454 0.062686 -0.285451
v 0.340804 -0.093060 -0.340807
v 0.339136 -0.054636 -0.339133
v 0.305802 -0.058160 -0.305802
v 0.329705 -0.014095 -0.329701
v 0.298951 -0.010569 -0.298951
v 0.307545 -0.050725 -0.307549
v 0.308170 0.034259 -0.308173
v 0.315112 0.023709 -0.315116
v 0.293988 0.005387 -0.293988
v 0.149917 0.257277 -0.149921
v 0.144398 0.287698 -0.144398
v 0.179331 0.064100 -0.179331
v 0.161518 0.199675 -0.161518
v 0.145426 0.293955 -0.145426
v 0.048422 0.373194 -0.048422
v 0.043405 0.369633 -0.043405
v 0.148151 0.299573 -0.148147
v 0.136649 0.370369 -0.136653
v 0.127346 0.375915 -0.127343
v 0.158001 0.308041 -0.158005
v 0.156342 0.375513 -0.156342
v 0.219296 0.154462 -0.219296
v 0.165971 0.202499 -0.165971
v 0.213373 0.199423 -0.213377
v 0.171224 0.214254 -0.171224
v 0.207375 0.251840 -0.207375
v 0.182315 0.273947 -0.182311
v 0.177337 0.241148 -0.177340
v 0.207999 0.225109 -0.207999
v 0.201376 0.292839 -0.201380
v 0.183000 0.288803 -0.182996
v 0.180975 0.335345 -0.180979
v 0.167783 0.365530 -0.167779
v 0.171460 0.310451 -0.171460
v 0.178418 0.306730 -0.178421
v 0.190293 0.311131 -0.190297
v 0.181508 0.300383 -0.181504
v 0.183487 0.067165 -0.183487
v 0.019693 0.401209 -0.019689
v 0.015796 0.404178 -0.015792
v 0.011685 0.403322 -0.011685
v 0.041000 0.488855 -0.041000
v 0.051337 0.500000 -0.051341
v 0.043314 0.496236 -0.043314
v 0.040026 0.478648 -0.040026
v 0.046047 0.499547 -0.046043
v 0.042850 0.455765 -0.042846
v 0.063137 0.495354 -0.063140
v 0.059368 0.397996 -0.059365
v 0.053012 0.379543 -0.053008
v 0.120533 0.386942 -0.120530
v 0.115311 0.414933 -0.115315
v 0.059308 0.418604 -0.059308
v 0.103307 0.446119 -0.103307
v 0.089749 0.479402 -0.089745
v 0.060343 0.408456 -0.060339
v 0.161290 0.373586 -0.161294
v 0.196360 0.056032 -0.196364
v 0.220247 0.092674 -0.220251
v 0.194586 0.061778 -0.194586
v 0.189760 0.067238 -0.189756
v 0.217545 0.097473 -0.217549
v 0.265274 0.063864 -0.265278
v 0.225804 0.089208 -0.225804
v 0.196360 0.049000 -0.196364
v 0.215939 0.114437 -0.215939
v 0.231437 0.090794 -0.231441
v 0.264734 0.107586 -0.264734
v 0.242414 0.109064 -0.242411
v 0.300984 0.066054 -0.300980
v 0.287548 0.066021 -0.287544
v 0.290585 0.095244 -0.290585
v 0.289291 0.092108 -0.289287
v 0.293919 0.093026 -0.293919
v 0.211874 0.274546 -0.211874
v 0.211737 0.283426 -0.211737
v 0.210039 0.288609 -0.210039
v 0.224312 0.172525 -0.224308
v 0.262085 0.117482 -0.262085
v 0.256490 0.119090 -0.256486
v 0.251679 0.117349 -0.251679
v 0.222858 0.185229 -0.222862
v 0.224541 0.180090 -0.224541
v -0.441796 -0.470235 0.000000
v -0.467145 -0.452626 0.000000
v -0.464930 -0.469058 0.000000
v -0.490104 -0.437019 0.000000
v -0.487660 -0.437132 0.000000
v -0.491543 -0.430769 0.000000
v -0.475907 -0.427089 0.000000
v -0.471028 -0.436213 0.000000
v -0.426983 -0.471516 0.000000
v -0.479926 -0.428120 0.000000
v -0.411103 -0.478639 0.000000
v -0.377845 -0.496524 0.000000
v -0.328510 -0.468261 0.000000
v -0.357429 -0.500000 0.000000
v -0.335916 -0.490062 0.000000
v -0.348073 -0.499001 0.000000
v -0.340674 -0.495723 0.000000
v -0.319740 -0.458283 0.000000
v -0.486747 -0.395995 0.000000
v -0.461504 -0.478919 0.000000
v -0.306046 -0.449918 0.000000
v -0.495638 -0.329254 0.000000
v -0.500000 -0.360543 0.000000
v -0.498896 -0.375100 0.000000
v -0.495197 -0.385928 0.000000
v -0.492045 -0.296664 0.000000
v -0.316338 -0.213660 0.000000
v -0.491292 -0.264716 0.000000
v -0.470951 -0.218160 0.000000
v -0.485027 -0.236923 0.000000
v -0.320905 -0.209599 0.000000
v -0.437168 -0.180078 0.000000
v -0.457478 -0.195794 0.000000
v -0.395612 -0.142825 0.000000
v -0.414019 -0.166702 0.000000
v -0.329324 -0.175316 0.000000
v -0.325381 -0.200023 0.000000
v -0.379253 -0.130657 0.000000
v -0.374214 -0.124317 0.000000
v -0.324369 -0.152205 0.000000
v -0.372402 -0.116428 0.000000
v -0.320349 -0.149132 0.000000
v -0.374937 -0.106431 0.000000
v -0.327292 -0.157490 0.000000
v -0.366838 -0.038625 0.000000
v -0.380799 -0.101945 0.000000
v -0.271745 -0.426623 0.000000
v -0.110881 -0.456132 0.000000
v -0.161480 -0.417964 0.000000
v -0.129029 -0.451941 0.000000
v -0.243373 -0.404560 0.000000
v -0.310765 -0.212960 0.000000
v -0.227837 -0.397869 0.000000
v -0.172921 -0.410907 0.000000
v -0.056910 -0.336616 0.000000
v -0.213929 -0.396992 0.000000
v -0.196405 -0.408861 0.000000
v -0.066083 -0.391487 0.000000
v -0.057831 -0.440027 0.000000
v -0.089270 -0.455778 0.000000
v -0.069059 -0.451553 0.000000
v -0.060655 -0.446075 0.000000
v -0.243176 -0.159966 0.000000
v -0.035930 -0.279805 0.000000
v -0.022441 -0.240243 0.000000
v -0.018117 -0.111552 0.000000
v -0.229473 -0.149730 0.000000
v -0.027808 -0.251514 0.000000
v 0.009112 -0.176679 0.000000
v -0.003768 -0.229786 0.000000
v 0.009257 -0.231107 0.000000
v -0.014669 -0.232675 0.000000
v 0.004933 -0.175491 0.000000
v -0.271318 -0.178164 0.000000
v -0.243160 -0.139437 0.000000
v -0.300268 -0.010365 0.000000
v -0.268243 -0.136913 0.000000
v -0.298076 -0.147095 0.000000
v -0.315264 -0.018865 0.000000
v 0.001180 -0.151285 0.000000
v -0.017965 -0.100974 0.000000
v -0.230539 -0.144598 0.000000
v -0.287494 0.005763 0.000000
v -0.014441 -0.090625 0.000000
v -0.406467 -0.098338 0.000000
v -0.415062 -0.068757 0.000000
v -0.417315 -0.083680 0.000000
v -0.414833 -0.092293 0.000000
v -0.408751 -0.053512 0.000000
v -0.371809 -0.040123 0.000000
v -0.399670 -0.041005 0.000000
v -0.392430 -0.037500 0.000000
v -0.321286 -0.018965 0.000000
v -0.364524 -0.034089 0.000000
v -0.351986 0.002440 0.000000
v -0.364546 -0.001713 0.000000
v -0.361220 0.003949 0.000000
v -0.229801 0.111131 0.000000
v -0.229055 0.120753 0.000000
v -0.326066 0.149494 0.000000
v -0.296683 0.060549 0.000000
v -0.195134 0.087506 0.000000
v -0.283110 0.024750 0.000000
v -0.285005 0.042227 0.000000
v -0.217545 0.093845 0.000000
v -0.290144 0.054680 0.000000
v -0.225652 0.101788 0.000000
v -0.330908 0.070264 0.000000
v -0.339243 0.084353 0.000000
v -0.336061 0.076263 0.000000
v -0.340096 0.104705 0.000000
v -0.302719 0.187537 0.000000
v -0.208844 0.149594 0.000000
v -0.263965 0.222656 0.000000
v -0.206903 0.088640 0.000000
v -0.192615 0.167114 0.000000
v -0.198270 0.252328 0.000000
v -0.218382 0.251982 0.000000
v -0.184797 0.173238 0.000000
v -0.235205 0.246624 0.000000
v -0.157811 0.248206 0.000000
v -0.177078 0.176282 0.000000
v -0.169283 0.175533 0.000000
v -0.105568 0.087717 0.000000
v -0.138689 0.103320 0.000000
v 0.000457 -0.073462 0.000000
v -0.096174 0.090303 0.000000
v -0.149316 0.105696 0.000000
v -0.089277 0.222120 0.000000
v -0.097133 0.237088 0.000000
v -0.151165 0.251323 0.000000
v -0.146240 0.256879 0.000000
v -0.098975 0.272696 0.000000
v -0.139404 0.155923 0.000000
v -0.094766 0.287794 0.000000
v -0.139800 0.273982 0.000000
v 0.010733 -0.068025 0.000000
v -0.090495 0.096169 0.000000
v 0.022365 -0.065387 0.000000
v -0.088744 0.103073 0.000000
v 0.218725 0.014614 0.000000
v 0.214949 0.210894 0.000000
v -0.054390 0.209936 0.000000
v -0.078140 0.211628 0.000000
v -0.090967 0.113193 0.000000
v -0.063685 0.206592 0.000000
v -0.045552 0.220877 0.000000
v -0.033174 0.274090 0.000000
v 0.211706 0.219295 0.000000
v -0.130254 0.319743 0.000000
v -0.087656 0.298470 0.000000
v -0.080965 0.299094 0.000000
v -0.116621 0.357061 0.000000
v -0.038145 0.304411 0.000000
v -0.046077 0.383499 0.000000
v -0.108788 0.387759 0.000000
v -0.089749 0.411212 0.000000
v -0.106276 0.407884 0.000000
v -0.097194 0.412495 0.000000
v -0.103642 0.411245 0.000000
v -0.073512 0.403594 0.000000
v -0.047676 0.295648 0.000000
v -0.033243 0.297991 0.000000
v 0.047440 0.373088 0.000000
v -0.035542 0.303976 0.000000
v -0.010025 0.386751 0.000000
v -0.028995 0.380939 0.000000
v 0.054200 0.369413 0.000000
v -0.058744 0.288346 0.000000
v 0.147184 -0.426195 0.000000
v 0.137250 -0.416551 0.000000
v 0.141277 -0.422282 0.000000
v 0.154941 -0.427799 0.000000
v 0.129212 -0.378109 0.000000
v 0.164517 -0.426600 0.000000
v 0.231262 -0.394093 0.000000
v 0.211493 -0.402565 0.000000
v 0.103147 -0.320925 0.000000
v 0.254358 -0.391939 0.000000
v 0.463720 -0.251634 0.000000
v 0.385199 -0.084342 0.000000
v 0.087344 -0.119291 0.000000
v 0.409474 -0.390984 0.000000
v 0.311489 -0.399668 0.000000
v 0.318020 -0.402234 0.000000
v 0.330321 -0.412449 0.000000
v 0.315394 -0.409218 0.000000
v 0.315987 -0.416320 0.000000
v 0.321179 -0.424754 0.000000
v 0.336366 -0.408563 0.000000
v 0.355541 -0.407824 0.000000
v 0.056856 -0.145647 0.000000
v 0.035983 -0.243046 0.000000
v 0.072827 -0.282197 0.000000
v 0.079876 -0.129000 0.000000
v 0.221473 0.012738 0.000000
v 0.048392 -0.070236 0.000000
v 0.087816 -0.111441 0.000000
v 0.074129 -0.088831 0.000000
v 0.083332 -0.100408 0.000000
v 0.383828 -0.075242 0.000000
v 0.242612 0.019179 0.000000
v 0.267223 0.033244 0.000000
v 0.392849 -0.006826 0.000000
v 0.274455 0.041224 0.000000
v 0.385747 -0.054217 0.000000
v 0.232602 0.033202 0.000000
v 0.219966 0.204312 0.000000
v 0.403948 -0.395934 0.000000
v 0.376543 -0.414202 0.000000
v 0.395544 -0.425255 0.000000
v 0.397820 -0.424242 0.000000
v 0.432974 -0.386505 0.000000
v 0.473935 -0.351967 0.000000
v 0.455445 -0.381927 0.000000
v 0.448586 -0.385559 0.000000
v 0.489898 -0.263835 0.000000
v 0.466818 -0.256428 0.000000
v 0.497937 -0.276794 0.000000
v 0.496460 -0.298303 0.000000
v 0.495098 -0.269136 0.000000
v 0.468508 -0.238944 0.000000
v 0.499178 -0.192676 0.000000
v 0.500000 -0.161199 0.000000
v 0.491611 -0.138142 0.000000
v 0.389545 -0.084923 0.000000
v 0.405714 0.011938 0.000000
v 0.387642 0.060389 0.000000
v 0.400477 0.007772 0.000000
v 0.378081 0.060472 0.000000
v 0.410898 0.011734 0.000000
v 0.433187 0.048867 0.000000
v 0.403689 0.062686 0.000000
v 0.481974 -0.093060 0.000000
v 0.479607 -0.054636 0.000000
v 0.432471 -0.058160 0.000000
v 0.466270 -0.014095 0.000000
v 0.422781 -0.010569 0.000000
v 0.434938 -0.050725 0.000000
v 0.435821 0.034259 0.000000
v 0.445640 0.023709 0.000000
v 0.415762 0.005387 0.000000
v 0.212018 0.257277 0.000000
v 0.204208 0.287698 0.000000
v 0.253612 0.064100 0.000000
v 0.228423 0.199675 0.000000
v 0.205662 0.293955 0.000000
v 0.068480 0.373194 0.000000
v 0.061386 0.369633 0.000000
v 0.209514 0.299573 0.000000
v 0.193254 0.370369 0.000000
v 0.180092 0.375915 0.000000
v 0.223452 0.308041 0.000000
v 0.221100 0.375513 0.000000
v 0.310134 0.154462 0.000000
v 0.234718 0.202499 0.000000
v 0.301760 0.199423 0.000000
v 0.242148 0.214254 0.000000
v 0.293272 0.251840 0.000000
v 0.257829 0.273947 0.000000
v 0.250795 0.241148 0.000000
v 0.294155 0.225109 0.000000
v 0.284792 0.292839 0.000000
v 0.258796 0.288803 0.000000
v 0.255941 0.335345 0.000000
v 0.237276 0.365530 0.000000
v 0.242483 0.310451 0.000000
v 0.252326 0.306730 0.000000
v 0.269118 0.311131 0.000000
v 0.256687 0.300383 0.000000
v 0.259489 0.067165 0.000000
v 0.027846 0.401209 0.000000
v 0.022335 0.404178 0.000000
v 0.016526 0.403322 0.000000
v 0.057983 0.488855 0.000000
v 0.072606 0.500000 0.000000
v 0.061256 0.496236 0.000000
v 0.056605 0.478648 0.000000
v 0.065116 0.499547 0.000000
v 0.060594 0.455765 0.000000
v 0.089293 0.495354 0.000000
v 0.083956 0.397996 0.000000
v 0.074966 0.379543 0.000000
v 0.170455 0.386942 0.000000
v 0.163079 0.414933 0.000000
v 0.083873 0.418604 0.000000
v 0.146096 0.446119 0.000000
v 0.126920 0.479402 0.000000
v 0.085334 0.408456 0.000000
v 0.228103 0.373586 0.000000
v 0.277697 0.056032 0.000000
v 0.311481 0.092674 0.000000
v 0.275185 0.061778 0.000000
v 0.268357 0.067238 0.000000
v 0.307660 0.097473 0.000000
v 0.375158 0.063864 0.000000
v 0.319337 0.089208 0.000000
v 0.277697 0.049000 0.000000
v 0.305383 0.114437 0.000000
v 0.327307 0.090794 0.000000
v 0.374389 0.107586 0.000000
v 0.342821 0.109064 0.000000
v 0.425650 0.066054 0.000000
v 0.406650 0.066021 0.000000
v 0.410951 0.095243 0.000000
v 0.409117 0.092108 0.000000
v 0.415663 0.093026 0.000000
v 0.299636 0.274546 0.000000
v 0.299438 0.283426 0.000000
v 0.297040 0.288609 0.000000
v 0.317221 0.172525 0.000000
v 0.370644 0.117482 0.000000
v 0.362727 0.119090 0.000000
v 0.355929 0.117349 0.000000
v 0.315173 0.185229 0.000000
v 0.317548 0.180090 0.000000
f 1 2 3
f 4 5 6
f 7 8 9
f 6 5 10
f 8 2 1
f 11 12 13
f 12 14 13
f 15 16 17
f 14 16 15
f 14 15 13
f 1 9 8
f 7 18 19
f 18 9 11
f 20 1 3
f 7 9 18
f 7 19 10
f 6 10 19
f 19 21 22
f 23 24 19
f 25 19 24
f 26 22 27
f 28 29 30
f 31 29 28
f 22 23 19
f 31 32 29
f 32 33 29
f 34 35 36
f 35 37 36
f 37 35 32
f 28 26 27
f 36 38 34
f 39 40 41
f 42 43 41
f 44 39 38
f 43 45 46
f 38 36 44
f 11 13 18
f 21 27 22
f 48 49 50
f 51 52 27
f 47 51 27
f 51 53 52
f 54 55 56
f 54 56 57
f 56 52 53
f 54 49 55
f 48 58 49
f 59 58 60
f 61 59 60
f 49 58 55
f 61 62 59
f 63 55 64
f 65 67 68
f 69 70 71
f 72 73 65
f 68 67 64
f 60 58 48
f 70 73 72
f 31 37 32
f 27 31 28
f 63 74 56
f 41 40 42
f 39 44 40
f 75 76 77
f 78 79 43
f 42 78 43
f 74 52 56
f 65 73 80
f 66 65 80
f 64 67 63
f 66 81 82
f 67 66 82
f 83 75 82
f 73 70 69
f 18 21 19
f 84 82 81
f 85 86 87
f 88 85 87
f 86 85 46
f 89 90 91
f 89 86 46
f 46 90 89
f 91 90 92
f 46 45 90
f 93 94 45
f 94 95 96
f 43 93 45
f 77 76 79
f 93 95 94
f 95 97 96
f 79 93 43
f 98 100 101
f 102 103 83
f 104 105 106
f 101 106 107
f 108 101 109
f 110 108 109
f 101 111 109
f 111 101 100
f 99 112 100
f 112 113 114
f 115 104 103
f 101 107 98
f 103 102 115
f 104 115 105
f 105 107 106
f 113 116 114
f 117 118 119
f 120 119 118
f 120 116 119
f 121 117 122
f 117 119 122
f 120 114 116
f 123 121 122
f 102 83 82
f 83 76 75
f 124 125 102
f 126 127 124
f 125 128 102
f 129 130 131
f 130 132 131
f 130 133 132
f 123 129 131
f 135 136 133
f 133 136 132
f 121 123 131
f 127 137 138
f 139 140 138
f 141 143 140
f 126 124 84
f 134 144 129
f 144 145 146
f 140 143 145
f 143 146 145
f 147 143 142
f 148 147 149
f 82 124 102
f 150 135 151
f 152 153 151
f 153 150 151
f 152 155 153
f 155 156 153
f 157 158 156
f 158 159 160
f 157 159 158
f 157 156 161
f 154 152 162
f 163 164 165
f 166 165 164
f 156 155 161
f 167 154 165
f 167 165 166
f 155 154 167
f 148 168 163
f 152 169 162
f 137 127 126
f 170 171 172
f 173 171 170
f 174 171 175
f 171 173 175
f 176 174 177
f 175 177 174
f 176 178 174
f 179 181 182
f 183 184 185
f 179 178 176
f 186 187 188
f 186 188 189
f 190 191 185
f 191 183 185
f 185 186 190
f 185 187 186
f 184 180 179
f 192 69 193
f 71 193 69
f 194 192 193
f 195 194 182
f 182 181 196
f 192 194 195
f 140 197 141
f 140 139 197
f 196 198 182
f 141 199 200
f 200 198 141
f 141 197 199
f 178 182 194
f 201 202 181
f 141 198 196
f 202 196 181
f 203 204 205
f 206 203 202
f 201 206 202
f 179 182 178
f 141 207 208
f 209 191 210
f 209 211 212
f 183 180 184
f 183 213 214
f 215 214 213
f 216 215 213
f 191 209 183
f 217 218 219
f 218 214 220
f 221 217 219
f 220 219 218
f 218 180 183
f 222 223 224
f 222 181 180
f 214 218 183
f 222 224 225
f 226 181 222
f 227 228 229
f 230 205 204
f 231 233 227
f 203 206 204
f 234 235 236
f 237 239 235
f 235 239 236
f 234 236 226
f 234 226 225
f 232 231 240
f 238 241 242
f 242 240 231
f 237 241 238
f 222 225 226
f 230 204 229
f 209 210 211
f 148 149 243
f 243 244 148
f 245 246 208
f 208 142 141
f 244 247 248
f 249 168 148
f 250 251 252
f 248 249 244
f 251 250 253
f 250 252 247
f 148 244 249
f 253 254 251
f 149 147 142
f 246 255 256
f 256 257 258
f 259 260 261
f 261 258 262
f 263 264 260
f 265 266 253
f 265 253 267
f 268 265 267
f 270 269 268
f 269 270 264
f 246 245 271
f 164 163 168
f 266 254 253
f 272 273 274
f 166 272 274
f 164 272 166
f 275 276 277
f 275 278 276
f 279 277 276
f 280 281 278
f 282 283 284
f 252 284 283
f 285 282 284
f 248 252 283
f 248 247 252
f 281 276 278
f 286 288 280
f 289 287 286
f 281 280 288
f 285 287 289
f 285 289 282
f 290 254 266
f 245 208 207
f 291 292 293
f 294 293 295
f 296 297 298
f 230 296 298
f 297 291 298
f 294 299 271
f 295 293 292
f 297 292 291
f 296 300 297
f 296 301 300
f 300 301 302
f 205 230 298
f 227 233 228
f 303 304 233
f 305 306 307
f 307 306 304
f 307 304 303
f 233 232 303
f 230 229 228
f 262 258 257
f 259 261 262
f 299 255 246
f 255 257 256
f 269 264 263
f 308 260 259
f 263 309 310
f 308 309 263
f 255 311 257
f 295 299 294
f 301 312 313
f 302 301 314
f 257 311 315
f 316 315 311
f 314 301 313
f 271 299 246
f 138 137 139
f 317 318 319
f 320 321 322
f 323 324 325
f 322 321 326
f 324 318 317
f 327 328 329
f 328 330 329
f 331 332 333
f 330 332 331
f 330 331 329
f 317 325 324
f 323 334 335
f 334 325 327
f 336 317 319
f 323 325 334
f 323 335 326
f 322 326 335
f 335 337 338
f 339 340 335
f 341 335 340
f 342 338 343
f 344 345 346
f 347 345 344
f 338 339 335
f 347 348 345
f 348 349 345
f 350 351 352
f 351 353 352
f 353 351 348
f 344 342 343
f 352 354 350
f 355 356 357
f 358 359 357
f 360 355 354
f 359 361 362
f 354 352 360
f 327 329 334
f 337 343 338
f 364 365 366
f 367 368 343
f 363 367 343
f 367 369 368
f 370 371 372
f 370 372 373
f 372 368 369
f 370 365 371
f 364 374 365
f 375 374 376
f 377 375 376
f 365 374 371
f 377 378 375
f 379 371 380
f 381 383 384
f 385 386 387
f 388 389 381
f 384 383 380
f 376 374 364
f 386 389 388
f 347 353 348
f 343 347 344
f 379 390 372
f 357 356 358
f 355 360 356
f 391 392 393
f 394 395 359
f 358 394 359
f 390 368 372
f 381 389 396
f 382 381 396
f 380 383 379
f 382 397 398
f 383 382 398
f 399 391 398
f 389 386 385
f 334 337 335
f 400 398 397
f 401 402 403
f 404 401 403
f 402 401 362
f 405 406 407
f 405 402 362
f 362 406 405
f 407 406 408
f 362 361 406
f 409 410 361
f 410 411 412
f 359 409 361
f 393 392 395
f 409 411 410
f 411 413 412
f 395 409 359
f 414 416 417
f 418 419 399
f 420 421 422
f 417 422 423
f 424 417 425
f 426 424 425
f 417 427 425
f 427 417 416
f 415 428 416
f 428 429 430
f 431 420 419
f 417 423 414
f 419 418 431
f 420 431 421
f 421 423 422
f 429 432 430
f 433 434 435
f 436 435 434
f 436 432 435
f 437 433 438
f 433 435 438
f 436 430 432
f 439 437 438
f 418 399 398
f 399 392 391
f 440 441 418
f 442 443 440
f 441 444 418
f 445 446 447
f 446 448 447
f 446 449 448
f 439 445 447
f 451 452 449
f 449 452 448
f 437 439 447
f 443 453 454
f 455 456 454
f 457 459 456
f 442 440 400
f 450 460 445
f 460 461 462
f 456 459 461
f 459 462 461
f 463 459 458
f 464 463 465
f 398 440 418
f 466 451 467
f 468 469 467
f 469 466 467
f 468 471 469
f 471 472 469
f 473 474 472
f 474 475 476
f 473 475 474
f 473 472 477
f 470 468 478
f 479 480 481
f 482 481 480
f 472 471 477
f 483 470 481
f 483 481 482
f 471 470 483
f 464 484 479
f 468 485 478
f 453 443 442
f 486 487 488
f 489 487 486
f 490 487 491
f 487 489 491
f 492 490 493
f 491 493 490
f 492 494 490
f 495 497 498
f 499 500 501
f 495 494 492
f 502 503 504
f 502 504 505
f 506 507 501
f 507 499 501
f 501 502 506
f 501 503 502
f 500 496 495
f 508 385 509
f 387 509 385
f 510 508 509
f 511 510 498
f 498 497 512
f 508 510 511
f 456 513 457
f 456 455 513
f 512 514 498
f 457 515 516
f 516 514 457
f 457 513 515
f 494 498 510
f 517 518 497
f 457 514 512
f 518 512 497
f 519 520 521
f 522 519 518
f 517 522 518
f 495 498 494
f 457 523 524
f 525 507 526
f 525 527 528
f 499 496 500
f 499 529 530
f 531 530 529
f 532 531 529
f 507 525 499
f 533 534 535
f 534 530 536
f 537 533 535
f 536 535 534
f 534 496 499
f 538 539 540
f 538 497 496
f 530 534 499
f 538 540 541
f 542 497 538
f 543 544 545
f 546 521 520
f 547 549 543
f 519 522 520
f 550 551 552
f 553 555 551
f 551 555 552
f 550 552 542
f 550 542 541
f 548 547 556
f 554 557 558
f 558 556 547
f 553 557 554
f 538 541 542
f 546 520 545
f 525 526 527
f 464 465 559
f 559 560 464
f 561 562 524
f 524 458 457
f 560 563 564
f 565 484 464
f 566 567 568
f 564 565 560
f 567 566 569
f 566 568 563
f 464 560 565
f 569 570 567
f 465 463 458
f 562 571 572
f 572 573 574
f 575 576 577
f 577 574 578
f 579 580 576
f 581 582 569
f 581 569 583
f 584 581 583
f 586 585 584
f 585 586 580
f 562 561 587
f 480 479 484
f 582 570 569
f 588 589 590
f 482 588 590
f 480 588 482
f 591 592 593
f 591 594 592
f 595 593 592
f 596 597 594
f 598 599 600
f 568 600 599
f 601 598 600
f 564 568 599
f 564 563 568
f 597 592 594
f 602 604 596
f 605 603 602
f 597 596 604
f 601 603 605
f 601 605 598
f 606 570 582
f 561 524 523
f 607 608 609
f 610 609 611
f 612 613 614
f 546 612 614
f 613 607 614
f 610 615 587
f 611 609 608
f 613 608 607
f 612 616 613
f 612 617 616
f 616 617 618
f 521 546 614
f 543 549 544
f 619 620 549
f 621 622 623
f 623 622 620
f 623 620 619
f 549 548 619
f 546 545 544
f 578 574 573
f 575 577 578
f 615 571 562
f 571 573 572
f 585 580 579
f 624 576 575
f 579 625 626
f 624 625 579
f 571 627 573
f 611 615 610
f 617 628 629
f 618 617 630
f 573 627 631
f 632 631 627
f 630 617 629
f 587 615 562
f 454 453 455
f 633 634 635
f 636 637 638
f 639 640 641
f 638 637 642
f 640 634 633
f 643 644 645
f 644 646 645
f 647 648 649
f 646 648 647
f 646 647 645
f 633 641 640
f 639 650 651
f 650 641 643
f 652 633 635
f 639 641 650
f 639 651 642
f 638 642 651
f 651 653 654
f 655 656 651
f 657 651 656
f 658 654 659
f 660 661 662
f 663 661 660
f 654 655 651
f 663 664 661
f 664 665 661
f 666 667 668
f 667 669 668
f 669 667 664
f 660 658 659
f 668 670 666
f 671 672 673
f 674 675 673
f 676 671 670
f 675 677 678
f 670 668 676
f 643 645 650
f 653 659 654
f 680 681 682
f 683 684 659
f 679 683 659
f 683 685 684
f 686 687 688
f 686 688 689
f 688 684 685
f 686 681 687
f 680 690 681
f 691 690 692
f 693 691 692
f 681 690 687
f 693 694 691
f 695 687 696
f 697 699 700
f 701 702 703
f 704 705 697
f 700 699 696
f 692 690 680
f 702 705 704
f 663 669 664
f 659 663 660
f 695 706 688
f 673 672 674
f 671 676 672
f 707 708 709
f 710 711 675
f 674 710 675
f 706 684 688
f 697 705 712
f 698 697 712
f 696 699 695
f 698 713 714
f 699 698 714
f 715 707 714
f 705 702 701
f 650 653 651
f 716 714 713
f 717 718 719
f 720 717 719
f 718 717 678
f 721 722 723
f 721 718 678
f 678 722 721
f 723 722 724
f 678 677 722
f 725 726 677
f 726 727 728
f 675 725 677
f 709 708 711
f 725 727 726
f 727 729 728
f 711 725 675
f 730 732 733
f 734 735 715
f 736 737 738
f 733 738 739
f 740 733 741
f 742 740 741
f 733 743 741
f 743 733 732
f 731 744 732
f 744 745 746
f 747 736 735
f 733 739 730
f 735 734 747
f 736 747 737
f 737 739 738
f 745 748 746
f 749 750 751
f 752 751 750
f 752 748 751
f 753 749 754
f 749 751 754
f 752 746 748
f 755 753 754
f 734 715 714
f 715 708 707
f 756 757 734
f 758 759 756
f 757 760 734
f 761 762 763
f 762 764 763
f 762 765 764
f 755 761 763
f 767 768 765
f 765 768 764
f 753 755 763
f 759 769 770
f 771 772 770
f 773 775 772
f 758 756 716
f 766 776 761
f 776 777 778
f 772 775 777
f 775 778 777
f 779 775 774
f 780 779 781
f 714 756 734
f 782 767 783
f 784 785 783
f 785 782 783
f 784 787 785
f 787 788 785
f 789 790 788
f 790 791 792
f 789 791 790
f 789 788 793
f 786 784 794
f 795 796 797
f 798 797 796
f 788 787 793
f 799 786 797
f 799 797 798
f 787 786 799
f 780 800 795
f 784 801 794
f 769 759 758
f 802 803 804
f 805 803 802
f 806 803 807
f 803 805 807
f 808 806 809
f 807 809 806
f 808 810 806
f 811 813 814
f 815 816 817
f 811 810 808
f 818 819 820
f 818 820 821
f 822 823 817
f 823 815 817
f 817 818 822
f 817 819 818
f 816 812 811
f 824 701 825
f 703 825 701
f 826 824 825
f 827 826 814
f 814 813 828
f 824 826 827
f 772 829 773
f 772 771 829
f 828 830 814
f 773 831 832
f 832 830 773
f 773 829 831
f 810 814 826
f 833 834 813
f 773 830 828
f 834 828 813
f 835 836 837
f 838 835 834
f 833 838 834
f 811 814 810
f 773 839 840
f 841 823 842
f 841 843 844
f 815 812 816
f 815 845 846
f 847 846 845
f 848 847 845
f 823 841 815
f 849 850 851
f 850 846 852
f 853 849 851
f 852 851 850
f 850 812 815
f 854 855 856
f 854 813 812
f 846 850 815
f 854 856 857
f 858 813 854
f 859 860 861
f 862 837 836
f 863 865 859
f 835 838 836
f 866 867 868
f 869 871 867
f 867 871 868
f 866 868 858
f 866 858 857
f 864 863 872
f 870 873 874
f 874 872 863
f 869 873 870
f 854 857 858
f 862 836 861
f 841 842 843
f 780 781 875
f 875 876 780
f 877 878 840
f 840 774 773
f 876 879 880
f 881 800 780
f 882 883 884
f 880 881 876
f 883 882 885
f 882 884 879
f 780 876 881
f 885 886 883
f 781 779 774
f 878 887 888
f 888 889 890
f 891 892 893
f 893 890 894
f 895 896 892
f 897 898 885
f 897 885 899
f 900 897 899
f 902 901 900
f 901 902 896
f 878 877 903
f 796 795 800
f 898 886 885
f 904 905 906
f 798 904 906
f 796 904 798
f 907 908 909
f 907 910 908
f 911 909 908
f 912 913 910
f 914 915 916
f 884 916 915
f 917 914 916
f 880 884 915
f 880 879 884
f 913 908 910
f 918 920 912
f 921 919 918
f 913 912 920
f 917 919 921
f 917 921 914
f 922 886 898
f 877 840 839
f 923 924 925
f 926 925 927
f 928 929 930
f 862 928 930
f 929 923 930
f 926 931 903
f 927 925 924
f 929 924 923
f 928 932 929
f 928 933 932
f 932 933 934
f 837 862 930
f 859 865 860
f 935 936 865
f 937 938 939
f 939 938 936
f 939 936 935
f 865 864 935
f 862 861 860
f 894 890 889
f 891 893 894
f 931 887 878
f 887 889 888
f 901 896 895
f 940 892 891
f 895 941 942
f 940 941 895
f 887 943 889
f 927 931 926
f 933 944 945
f 934 933 946
f 889 943 947
f 948 947 943
f 946 933 945
f 903 931 878
f 770 769 771
f 949 950 951
f 952 953 954
f 955 956 957
f 954 953 958
f 956 950 949
f 959 960 961
f 960 962 961
f 963 964 965
f 962 964 963
f 962 963 961
f 949 957 956
f 955 966 967
f 966 957 959
f 968 949 951
f 955 957 966
f 955 967 958
f 954 958 967
f 967 969 970
f 971 972 967
f 973 967 972
f 974 970 975
f 976 977 978
f 979 977 976
f 970 971 967
f 979 980 977
f 980 981 977
f 982 983 984
f 983 985 984
f 985 983 980
f 976 974 975
f 984 986 982
f 987 988 989
f 990 991 989
f 992 987 986
f 991 993 994
f 986 984 992
f 959 961 966
f 969 975 970
f 996 997 998
f 999 1000 975
f 995 999 975
f 999 1001 1000
f 1002 1003 1004
f 1002 1004 1005
f 1004 1000 1001
f 1002 997 1003
f 996 1006 997
f 1007 1006 1008
f 1009 1007 1008
f 997 1006 1003
f 1009 1010 1007
f 1011 1003 1012
f 1013 1015 1016
f 1017 1018 1019
f 1020 1021 1013
f 1016 1015 1012
f 1008 1006 996
f 1018 1021 1020
f 979 985 980
f 975 979 976
f 1011 1022 1004
f 989 988 990
f 987 992 988
f 1023 1024 1025
f 1026 1027 991
f 990 1026 991
f 1022 1000 1004
f 1013 1021 1028
f 1014 1013 1028
f 1012 1015 1011
f 1014 1029 1030
f 1015 1014 1030
f 1031 1023 1030
f 1021 1018 1017
f 966 969 967
f 1032 1030 1029
f 1033 1034 1035
f 1036 1033 1035
f 1034 1033 994
f 1037 1038 1039
f 1037 1034 994
f 994 1038 1037
f 1039 1038 1040
f 994 993 1038
f 1041 1042 993
f 1042 1043 1044
f 991 1041 993
f 1025 1024 1027
f 1041 1043 1042
f 1043 1045 1044
f 1027 1041 991
f 1046 1048 1049
f 1050 1051 1031
f 1052 1053 1054
f 1049 1054 1055
f 1056 1049 1057
f 1058 1056 1057
f 1049 1059 1057
f 1059 1049 1048
f 1047 1060 1048
f 1060 1061 1062
f 1063 1052 1051
f 1049 1055 1046
f 1051 1050 1063
f 1052 1063 1053
f 1053 1055 1054
f 1061 1064 1062
f 1065 1066 1067
f 1068 1067 1066
f 1068 1064 1067
f 1069 1065 1070
f 1065 1067 1070
f 1068 1062 1064
f 1071 1069 1070
f 1050 1031 1030
f 1031 1024 1023
f 1072 1073 1050
f 1074 1075 1072
f 1073 1076 1050
f 1077 1078 1079
f 1078 1080 1079
f 1078 1081 1080
f 1071 1077 1079
f 1083 1084 1081
f 1081 1084 1080
f 1069 1071 1079
f 1075 1085 1086
f 1087 1088 1086
f 1089 1091 1088
f 1074 1072 1032
f 1082 1092 1077
f 1092 1093 1094
f 1088 1091 1093
f 1091 1094 1093
f 1095 1091 1090
f 1096 1095 1097
f 1030 1072 1050
f 1098 1083 1099
f 1100 1101 1099
f 1101 1098 1099
f 1100 1103 1101
f 1103 1104 1101
f 1105 1106 1104
f 1106 1107 1108
f 1105 1107 1106
f 1105 1104 1109
f 1102 1100 1110
f 1111 1112 1113
f 1114 1113 1112
f 1104 1103 1109
f 1115 1102 1113
f 1115 1113 1114
f 1103 1102 1115
f 1096 1116 1111
f 1100 1117 1110
f 1085 1075 1074
f 1118 1119 1120
f 1121 1119 1118
f 1122 1119 1123
f 1119 1121 1123
f 1124 1122 1125
f 1123 1125 1122
f 1124 1126 1122
f 1127 1129 1130
f 1131 1132 1133
f 1127 1126 1124
f 1134 1135 1136
f 1134 1136 1137
f 1138 1139 1133
f 1139 1131 1133
f 1133 1134 1138
f 1133 1135 1134
f 1132 1128 1127
f 1140 1017 1141
f 1019 1141 1017
f 1142 1140 1141
f 1143 1142 1130
f 1130 1129 1144
f 1140 1142 1143
f 1088 1145 1089
f 1088 1087 1145
f 1144 1146 1130
f 1089 1147 1148
f 1148 1146 1089
f 1089 1145 1147
f 1126 1130 1142
f 1149 1150 1129
f 1089 1146 1144
f 1150 1144 1129
f 1151 1152 1153
f 1154 1151 1150
f 1149 1154 1150
f 1127 1130 1126
f 1089 1155 1156
f 1157 1139 1158
f 1157 1159 1160
f 1131 1128 1132
f 1131 1161 1162
f 1163 1162 1161
f 1164 1163 1161
f 1139 1157 1131
f 1165 1166 1167
f 1166 1162 1168
f 1169 1165 1167
f 1168 1167 1166
f 1166 1128 1131
f 1170 1171 1172
f 1170 1129 1128
f 1162 1166 1131
f 1170 1172 1173
f 1174 1129 1170
f 1175 1176 1177
f 1178 1153 1152
f 1179 1181 1175
f 1151 1154 1152
f 1182 1183 1184
f 1185 1187 1183
f 1183 1187 1184
f 1182 1184 1174
f 1182 1174 1173
f 1180 1179 1188
f 1186 1189 1190
f 1190 1188 1179
f 1185 1189 1186
f 1170 1173 1174
f 1178 1152 1177
f 1157 1158 1159
f 1096 1097 1191
f 1191 1192 1096
f 1193 1194 1156
f 1156 1090 1089
f 1192 1195 1196
f 1197 1116 1096
f 1198 1199 1200
f 1196 1197 1192
f 1199 1198 1201
f 1198 1200 1195
f 1096 1192 1197
f 1201 1202 1199
f 1097 1095 1090
f 1194 1203 1204
f 1204 1205 1206
f 1207 1208 1209
f 1209 1206 1210
f 1211 1212 1208
f 1213 1214 1201
f 1213 1201 1215
f 1216 1213 1215
f 1218 1217 1216
f 1217 1218 1212
f 1194 1193 1219
f 1112 1111 1116
f 1214 1202 1201
f 1220 1221 1222
f 1114 1220 1222
f 1112 1220 1114
f 1223 1224 1225
f 1223 1226 1224
f 1227 1225 1224
f 1228 1229 1226
f 1230 1231 1232
f 1200 1232 1231
f 1233 1230 1232
f 1196 1200 1231
f 1196 1195 1200
f 1229 1224 1226
f 1234 1236 1228
f 1237 1235 1234
f 1229 1228 1236
f 1233 1235 1237
f 1233 1237 1230
f 1238 1202 1214
f 1193 1156 1155
f 1239 1240 1241
f 1242 1241 1243
f 1244 1245 1246
f 1178 1244 1246
f 1245 1239 1246
f 1242 1247 1219
f 1243 1241 1240
f 1245 1240 1239
f 1244 1248 1245
f 1244 1249 1248
f 1248 1249 1250
f 1153 1178 1246
f 1175 1181 1176
f 1251 1252 1181
f 1253 1254 1255
f 1255 1254 1252
f 1255 1252 1251
f 1181 1180 1251
f 1178 1177 1176
f 1210 1206 1205
f 1207 1209 1210
f 1247 1203 1194
f 1203 1205 1204
f 1217 1212 1211
f 1256 1208 1207
f 1211 1257 1258
f 1256 1257 1211
f 1203 1259 1205
f 1243 1247 1242
f 1249 1260 1261
f 1250 1249 1262
f 1205 1259 1263
f 1264 1263 1259
f 1262 1249 1261
f 1219 1247 1194
f 1086 1085 1087
f 21 47 27
f 63 56 55
f 65 66 67
f 78 77 79
f 98 99 100
f 112 99 113
f 123 134 129
f 141 142 143
f 144 134 145
f 82 84 124
f 150 136 135
f 152 154 155
f 179 180 181
f 231 232 233
f 237 238 239
f 242 241 240
f 268 269 265
f 286 287 288
f 308 263 260
f 337 363 343
f 379 372 371
f 381 382 383
f 394 393 395
f 414 415 416
f 428 415 429
f 439 450 445
f 457 458 459
f 460 450 461
f 398 400 440
f 466 452 451
f 468 470 471
f 495 496 497
f 547 548 549
f 553 554 555
f 558 557 556
f 584 585 581
f 602 603 604
f 624 579 576
f 653 679 659
f 695 688 687
f 697 698 699
f 710 709 711
f 730 731 732
f 744 731 745
f 755 766 761
f 773 774 775
f 776 766 777
f 714 716 756
f 782 768 767
f 784 786 787
f 811 812 813
f 863 864 865
f 869 870 871
f 874 873 872
f 900 901 897
f 918 919 920
f 940 895 892
f 969 995 975
f 1011 1004 1003
f 1013 1014 1015
f 1026 1025 1027
f 1046 1047 1048
f 1060 1047 1061
f 1071 1082 1077
f 1089 1090 1091
f 1092 1082 1093
f 1030 1032 1072
f 1098 1084 1083
f 1100 1102 1103
f 1127 1128 1129
f 1179 1180 1181
f 1185 1186 1187
f 1190 1189 1188
f 1216 1217 1213
f 1234 1235 1236
f 1256 1211 1208
