# OBJ created with rayvertex
v 0.150947 0.497135 0.080562
v 0.097587 0.497033 0.139758
v 0.133758 0.496805 0.079448
v 0.200419 0.474854 0.154654
v 0.300178 0.442515 0.152683
v 0.190851 0.443095 0.274671
v 0.363798 0.391776 0.185070
v 0.288585 0.391776 0.288585
v 0.405572 0.324698 0.206361
v 0.321745 0.324698 0.321741
v 0.425485 0.242707 0.216589
v 0.337576 0.242707 0.337580
v 0.425299 0.155604 0.216698
v 0.337514 0.155604 0.337514
v 0.430708 0.073269 0.219600
v 0.341875 0.073269 0.341872
v 0.357962 -0.007783 0.357963
v 0.451055 -0.007783 0.229824
v 0.354633 -0.093570 0.354633
v 0.446966 -0.093570 0.227550
v 0.328900 -0.173746 0.328896
v 0.414652 -0.173746 0.210870
v 0.287335 -0.238039 0.287332
v 0.362424 -0.238039 0.183980
v 0.259375 -0.307764 0.259375
v 0.327316 -0.307764 0.165863
v 0.244141 -0.393223 0.244138
v 0.308148 -0.393223 0.156027
v 0.262029 -0.459461 0.132521
v 0.152150 -0.458702 0.255860
v 0.191929 -0.500000 0.096800
v 0.151894 -0.500000 0.151895
v 0.136753 -0.460136 0.068689
v 0.108110 -0.460136 0.108107
v 0.169494 0.497086 0.007650
v 0.250450 0.475200 0.039355
v 0.339749 0.441613 0.014611
v 0.403337 0.391776 0.063381
v 0.449643 0.324698 0.070726
v 0.471698 0.242707 0.074354
v 0.471450 0.155604 0.074664
v 0.477417 0.073269 0.075859
v 0.500000 -0.007783 0.079192
v 0.495515 -0.093570 0.078152
v 0.459731 -0.173746 0.072119
v 0.401901 -0.238039 0.062476
v 0.363037 -0.307764 0.055935
v 0.341805 -0.393223 0.052450
v 0.290688 -0.459461 0.044341
v 0.212975 -0.500000 0.032033
v 0.151808 -0.460136 0.022344
v 0.068167 -0.417964 0.043793
v 0.084735 -0.414143 -0.012003
v -0.002018 -0.406288 -0.002020
v 0.155913 0.497034 -0.070970
v 0.150233 0.499148 -0.002625
v 0.026719 0.500000 0.101918
v 0.248409 0.474826 -0.063807
v 0.403329 0.391776 -0.064572
v 0.449635 0.324698 -0.071890
v 0.471698 0.242707 -0.075200
v 0.471442 0.155604 -0.074676
v 0.477410 0.073269 -0.075281
v 0.500000 -0.007783 -0.079192
v 0.495507 -0.093570 -0.078928
v 0.459731 -0.173746 -0.073772
v 0.401901 -0.238039 -0.065274
v 0.363030 -0.307764 -0.059652
v 0.341805 -0.393223 -0.056458
v 0.290680 -0.459461 -0.048380
v 0.212968 -0.500000 -0.036072
v 0.151808 -0.460136 -0.026383
v 0.118702 0.497650 -0.096195
v 0.079016 0.499374 -0.065402
v 0.288631 0.441812 -0.182956
v 0.323700 0.393718 -0.253621
v 0.405572 0.324698 -0.207525
v 0.425485 0.242707 -0.217431
v 0.425299 0.155604 -0.216709
v 0.430708 0.073269 -0.219022
v 0.451055 -0.007783 -0.229824
v 0.446966 -0.093570 -0.228326
v 0.414652 -0.173746 -0.212522
v 0.362424 -0.238039 -0.186774
v 0.327316 -0.307764 -0.169585
v 0.308156 -0.393223 -0.160035
v 0.262029 -0.459461 -0.136560
v 0.191929 -0.500000 -0.100840
v 0.136753 -0.460136 -0.072728
v 0.071038 -0.414183 -0.053017
v 0.078030 0.494617 -0.154568
v 0.167725 0.474753 -0.196059
v 0.321737 0.324698 -0.322902
v 0.337576 0.242707 -0.338418
v 0.337514 0.155604 -0.337526
v 0.341875 0.073269 -0.341290
v 0.357962 -0.007783 -0.357959
v 0.354633 -0.093570 -0.355410
v 0.328892 -0.173745 -0.330549
v 0.287327 -0.238039 -0.290126
v 0.259375 -0.307764 -0.263093
v 0.244133 -0.393223 -0.248146
v 0.207528 -0.459461 -0.211572
v 0.151894 -0.500000 -0.155938
v 0.108110 -0.460136 -0.112150
v 0.152685 0.442515 -0.301262
v 0.185069 0.391776 -0.364986
v 0.206363 0.324698 -0.406732
v 0.216592 0.242707 -0.426327
v 0.216693 0.155604 -0.425311
v 0.219603 0.073269 -0.430130
v 0.229823 -0.007783 -0.451056
v 0.227549 -0.093570 -0.447742
v 0.210865 -0.173745 -0.416305
v 0.183975 -0.238039 -0.365219
v 0.165862 -0.307764 -0.331034
v 0.156030 -0.393223 -0.312161
v 0.077487 -0.459016 -0.289055
v 0.096803 -0.500000 -0.195966
v 0.068687 -0.460136 -0.140794
v -0.000978 -0.415307 -0.090635
v 0.026657 0.499177 -0.145958
v 0.039353 0.475200 -0.251184
v 0.015071 0.441542 -0.340793
v 0.063379 0.391776 -0.404525
v 0.070728 0.324698 -0.450803
v 0.074352 0.242707 -0.472540
v 0.074662 0.155604 -0.471458
v 0.075858 0.073269 -0.476832
v 0.079194 -0.007783 -0.499996
v 0.078155 -0.093570 -0.496283
v 0.072117 -0.173745 -0.461385
v 0.062479 -0.238039 -0.404695
v 0.055937 -0.307764 -0.366751
v 0.052452 -0.393223 -0.345814
v 0.032027 -0.500000 -0.217012
v 0.022342 -0.460136 -0.155849
v -0.026765 0.499418 -0.083266
v -0.025664 0.497080 -0.165479
v -0.071131 0.475290 -0.247223
v -0.064574 0.391776 -0.404525
v -0.071892 0.324698 -0.450803
v -0.075198 0.242707 -0.472540
v -0.074678 0.155604 -0.471458
v -0.075283 0.073269 -0.476835
v -0.079194 -0.007783 -0.500000
v -0.078931 -0.093570 -0.496283
v -0.073770 -0.173745 -0.461388
v -0.065272 -0.238039 -0.404695
v -0.059654 -0.307764 -0.366755
v -0.056457 -0.393223 -0.345814
v -0.048378 -0.459461 -0.294724
v -0.036070 -0.500000 -0.217012
v -0.026385 -0.460136 -0.155849
v -0.088678 0.496497 -0.146016
v -0.153764 0.442515 -0.301258
v -0.233967 0.393357 -0.336521
v -0.207528 0.324698 -0.406732
v -0.217430 0.242707 -0.426323
v -0.216708 0.155604 -0.425307
v -0.219021 0.073269 -0.430130
v -0.229823 -0.007783 -0.451052
v -0.228325 -0.093570 -0.447742
v -0.212525 -0.173745 -0.416301
v -0.186776 -0.238039 -0.365219
v -0.169587 -0.307764 -0.331034
v -0.160034 -0.393223 -0.312161
v -0.159219 -0.460684 -0.254258
v -0.100838 -0.500000 -0.195966
v -0.072730 -0.460136 -0.140790
v -0.061796 -0.414214 -0.065410
v -0.075788 0.499853 -0.047965
v -0.212983 0.475316 -0.145423
v -0.239198 0.442515 -0.239195
v -0.322909 0.324698 -0.322905
v -0.338422 0.242707 -0.338422
v -0.337529 0.155604 -0.337530
v -0.341293 0.073269 -0.341293
v -0.357962 -0.007783 -0.357959
v -0.355409 -0.093570 -0.355410
v -0.330553 -0.173745 -0.330553
v -0.290129 -0.238039 -0.290130
v -0.263099 -0.307764 -0.263097
v -0.248145 -0.393223 -0.248146
v -0.155937 -0.500000 -0.155938
v -0.112153 -0.460136 -0.112150
v -0.164768 0.495402 -0.043518
v -0.329055 0.441544 -0.090216
v -0.364985 0.391776 -0.186261
v -0.406736 0.324698 -0.207525
v -0.426331 0.242707 -0.217431
v -0.425307 0.155604 -0.216709
v -0.430133 0.073269 -0.219018
v -0.451055 -0.007783 -0.229820
v -0.447742 -0.093570 -0.228326
v -0.416305 -0.173746 -0.212522
v -0.365218 -0.238039 -0.186774
v -0.331034 -0.307764 -0.169581
v -0.312160 -0.393223 -0.160035
v -0.266072 -0.459461 -0.136560
v -0.195965 -0.500000 -0.100840
v -0.140788 -0.460136 -0.072728
v -0.155851 -0.460136 -0.026383
v -0.090703 -0.415154 -0.001845
v -0.256829 0.474918 0.007479
v -0.404524 0.391776 -0.064572
v -0.450807 0.324698 -0.071890
v -0.472544 0.242707 -0.075200
v -0.471457 0.155604 -0.074676
v -0.476835 0.073269 -0.075281
v -0.500000 -0.007783 -0.079192
v -0.496283 -0.093570 -0.078932
v -0.461392 -0.173746 -0.073772
v -0.404695 -0.238039 -0.065274
v -0.366755 -0.307764 -0.059652
v -0.345817 -0.393223 -0.056458
v -0.294723 -0.459461 -0.048380
v -0.217011 -0.500000 -0.036072
v -0.079311 0.499522 0.055671
v -0.145965 0.499178 0.026635
v -0.154579 0.495798 0.076488
v -0.320860 0.441764 0.120279
v -0.404524 0.391776 0.063381
v -0.450807 0.324698 0.070726
v -0.472544 0.242707 0.074354
v -0.471457 0.155604 0.074664
v -0.476835 0.073269 0.075859
v -0.500000 -0.007783 0.079192
v -0.496283 -0.093570 0.078156
v -0.461384 -0.173746 0.072119
v -0.404695 -0.238039 0.062480
v -0.366755 -0.307764 0.055935
v -0.345817 -0.393223 0.052450
v -0.289058 -0.459017 0.077477
v -0.217011 -0.500000 0.032033
v -0.155851 -0.460136 0.022344
v -0.116041 0.498692 0.096152
v -0.195918 0.474739 0.167885
v -0.364985 0.391776 0.185070
v -0.406736 0.324698 0.206361
v -0.426331 0.242707 0.216589
v -0.425314 0.155604 0.216694
v -0.430133 0.073269 0.219600
v -0.451055 -0.007783 0.229824
v -0.447742 -0.093570 0.227550
v -0.416305 -0.173746 0.210870
v -0.365218 -0.238039 0.183976
v -0.331034 -0.307764 0.165863
v -0.312160 -0.393223 0.156027
v -0.195972 -0.500000 0.096800
v -0.140796 -0.460136 0.068689
v -0.065552 -0.414103 0.057770
v -0.186986 0.441597 0.284662
v -0.289780 0.391776 0.288585
v -0.322901 0.324698 0.321737
v -0.338422 0.242707 0.337576
v -0.337529 0.155604 0.337514
v -0.341293 0.073269 0.341872
v -0.357962 -0.007783 0.357959
v -0.355409 -0.093570 0.354633
v -0.330553 -0.173746 0.328896
v -0.290129 -0.238039 0.287332
v -0.263092 -0.307764 0.259375
v -0.248145 -0.393223 0.244134
v -0.211571 -0.459461 0.207533
v -0.155937 -0.500000 0.151895
v -0.112153 -0.460136 0.108107
v -0.071380 0.497315 0.156454
v -0.037933 0.499483 0.147227
v -0.059856 0.474701 0.250567
v -0.186264 0.391776 0.363795
v -0.207528 0.324698 0.405568
v -0.217430 0.242707 0.425485
v -0.216708 0.155604 0.425295
v -0.219021 0.073269 0.430708
v -0.229823 -0.007783 0.451056
v -0.228325 -0.093570 0.446966
v -0.212525 -0.173746 0.414648
v -0.186776 -0.238039 0.362421
v -0.169587 -0.307764 0.327313
v -0.160042 -0.393223 0.308153
v -0.136559 -0.459461 0.262029
v -0.100846 -0.500000 0.191927
v -0.072730 -0.460136 0.136751
v -0.028527 -0.414081 0.082227
v 0.013744 0.441862 0.341208
v -0.064574 0.391776 0.403333
v -0.071892 0.324698 0.449635
v -0.075198 0.242707 0.471698
v -0.074678 0.155604 0.471442
v -0.075275 0.073269 0.477410
v -0.079194 -0.007783 0.500000
v -0.078931 -0.093570 0.495507
v -0.073770 -0.173746 0.459728
v -0.065272 -0.238039 0.401898
v -0.059654 -0.307764 0.363034
v -0.056457 -0.393223 0.341806
v -0.048378 -0.459461 0.290681
v -0.036070 -0.500000 0.212969
v -0.026385 -0.460136 0.151810
v 0.027115 0.497447 0.168886
v 0.044063 0.499123 0.143836
v 0.095305 0.474947 0.238345
v 0.063379 0.391776 0.403333
v 0.070728 0.324698 0.449639
v 0.074352 0.242707 0.471698
v 0.074662 0.155604 0.471446
v 0.075858 0.073269 0.477414
v 0.079194 -0.007783 0.500000
v 0.078155 -0.093570 0.495511
v 0.072117 -0.173746 0.459732
v 0.062479 -0.238039 0.401902
v 0.055937 -0.307764 0.363034
v 0.095088 -0.393047 0.334604
v 0.044343 -0.459461 0.290684
v 0.032027 -0.500000 0.212973
v 0.022342 -0.460136 0.151810
v 0.011586 -0.413630 0.083876
v 0.185069 0.391776 0.363795
v 0.206363 0.324698 0.405568
v 0.216592 0.242707 0.425481
v 0.216693 0.155604 0.425295
v 0.219603 0.073269 0.430708
v 0.229823 -0.007783 0.451056
v 0.227549 -0.093570 0.446966
v 0.210872 -0.173746 0.414648
v 0.183975 -0.238039 0.362421
v 0.165862 -0.307764 0.327313
v 0.096803 -0.500000 0.191927
v 0.068687 -0.460136 0.136751
f 3 2 1
f 1 2 4
f 4 6 5
f 5 8 7
f 8 10 7
f 12 11 10
f 14 13 12
f 16 15 14
f 18 15 17
f 20 18 19
f 22 20 21
f 24 22 23
f 26 24 25
f 28 26 27
f 28 30 29
f 29 32 31
f 34 33 32
f 3 1 35
f 36 35 1
f 1 4 36
f 36 5 37
f 7 38 5
f 9 39 7
f 11 40 9
f 13 41 11
f 15 42 13
f 43 42 18
f 44 43 20
f 45 44 22
f 46 45 24
f 47 46 26
f 48 47 28
f 49 48 29
f 29 31 49
f 51 50 33
f 53 51 52
f 53 52 54
f 56 35 55
f 57 3 56
f 55 35 58
f 37 38 59
f 39 60 38
f 40 61 39
f 41 62 40
f 42 63 41
f 64 63 43
f 65 64 44
f 66 65 45
f 67 66 46
f 68 67 47
f 69 68 48
f 70 69 49
f 71 70 50
f 72 71 51
f 73 74 55
f 58 37 75
f 75 59 76
f 59 60 77
f 61 78 60
f 62 79 61
f 63 80 62
f 81 80 64
f 82 81 65
f 83 82 66
f 84 83 67
f 85 84 68
f 86 85 69
f 87 86 70
f 71 88 70
f 72 89 71
f 72 53 89
f 90 53 54
f 73 55 91
f 92 91 55
f 55 58 92
f 76 77 93
f 78 94 77
f 79 95 78
f 80 96 79
f 97 96 81
f 98 97 82
f 99 98 83
f 100 99 84
f 101 100 85
f 102 101 86
f 103 102 87
f 88 104 87
f 89 105 88
f 92 75 106
f 107 106 76
f 76 93 107
f 94 109 93
f 95 110 94
f 96 111 95
f 112 111 97
f 113 112 98
f 114 113 99
f 115 114 100
f 116 115 101
f 117 116 102
f 117 103 118
f 103 104 119
f 104 105 119
f 120 90 121
f 121 90 54
f 74 73 122
f 91 92 123
f 123 106 124
f 107 125 106
f 108 126 107
f 109 127 108
f 110 128 109
f 111 129 110
f 130 129 112
f 131 130 113
f 132 131 114
f 133 132 115
f 134 133 116
f 135 134 117
f 118 119 136
f 137 136 120
f 138 74 122
f 122 91 139
f 122 139 138
f 139 123 140
f 124 125 141
f 126 142 125
f 127 143 126
f 128 144 127
f 129 145 128
f 146 145 130
f 147 146 131
f 148 147 132
f 149 148 133
f 150 149 134
f 151 150 135
f 118 152 135
f 152 136 153
f 136 137 153
f 138 139 155
f 140 124 156
f 156 141 157
f 141 142 158
f 143 159 142
f 144 160 143
f 145 161 144
f 162 161 146
f 163 162 147
f 164 163 148
f 165 164 149
f 166 165 150
f 167 166 151
f 168 167 152
f 153 169 152
f 170 169 154
f 171 170 121
f 171 121 54
f 74 138 172
f 155 140 173
f 173 156 174
f 157 158 175
f 159 176 158
f 160 177 159
f 161 178 160
f 179 178 162
f 180 179 163
f 181 180 164
f 182 181 165
f 183 182 166
f 184 183 167
f 168 169 185
f 170 186 169
f 172 155 187
f 173 174 188
f 174 157 189
f 189 175 190
f 191 190 176
f 192 191 177
f 193 192 178
f 179 194 178
f 180 195 179
f 181 196 180
f 182 197 181
f 183 198 182
f 184 199 183
f 184 168 200
f 200 185 201
f 202 201 186
f 171 204 202
f 204 171 54
f 187 173 205
f 188 189 206
f 207 206 190
f 208 207 191
f 209 208 192
f 210 209 193
f 194 211 193
f 195 212 194
f 196 213 195
f 197 214 196
f 198 215 197
f 199 216 198
f 200 217 199
f 200 201 217
f 202 203 201
f 74 172 219
f 187 221 220
f 220 219 172
f 220 172 187
f 205 188 222
f 188 206 223
f 224 223 207
f 225 224 208
f 226 225 209
f 227 226 210
f 211 228 210
f 212 229 211
f 213 230 212
f 214 231 213
f 215 232 214
f 216 233 215
f 216 217 233
f 217 218 235
f 218 203 235
f 219 220 237
f 221 205 238
f 222 223 239
f 240 239 224
f 241 240 225
f 242 241 226
f 243 242 227
f 228 244 227
f 229 245 228
f 230 246 229
f 231 247 230
f 232 248 231
f 233 249 232
f 234 235 250
f 236 251 235
f 252 251 204
f 252 204 54
f 253 238 254
f 222 239 254
f 255 254 240
f 256 255 241
f 257 256 242
f 258 257 243
f 244 259 243
f 245 260 244
f 246 261 245
f 247 262 246
f 248 263 247
f 249 264 248
f 249 234 265
f 265 250 266
f 251 267 250
f 237 221 268
f 219 237 269
f 268 221 238
f 268 238 270
f 253 254 271
f 272 271 255
f 273 272 256
f 274 273 257
f 275 274 258
f 259 276 258
f 260 277 259
f 261 278 260
f 262 279 261
f 263 280 262
f 264 281 263
f 265 282 264
f 266 283 265
f 267 284 266
f 285 284 252
f 285 252 54
f 74 219 57
f 270 253 286
f 253 271 287
f 288 287 272
f 289 288 273
f 290 289 274
f 291 290 275
f 276 292 275
f 277 293 276
f 278 294 277
f 279 295 278
f 280 296 279
f 281 297 280
f 282 298 281
f 283 299 282
f 300 299 284
f 269 268 301
f 302 57 301
f 301 268 270
f 301 270 303
f 286 287 304
f 305 304 288
f 306 305 289
f 307 306 290
f 308 307 291
f 292 309 291
f 293 310 292
f 294 311 293
f 295 312 294
f 296 313 295
f 296 297 314
f 297 298 315
f 299 316 298
f 300 317 299
f 285 318 300
f 318 285 54
f 302 301 2
f 3 57 2
f 303 2 301
f 303 286 6
f 286 304 319
f 320 319 305
f 321 320 306
f 322 321 307
f 323 322 308
f 309 324 308
f 310 325 309
f 311 326 310
f 312 327 311
f 313 328 312
f 314 315 30
f 316 329 315
f 317 330 316
f 318 52 330
f 52 318 54
f 2 303 4
f 6 319 8
f 320 10 319
f 12 10 321
f 14 12 322
f 16 14 323
f 324 17 323
f 325 19 324
f 326 21 325
f 327 23 326
f 328 25 327
f 328 314 27
f 30 329 32
f 34 32 330
f 5 6 8
f 28 27 30
f 29 30 32
f 33 34 52
f 36 4 5
f 56 3 35
f 74 57 56
f 58 36 37
f 72 51 53
f 75 37 59
f 76 59 77
f 105 89 90
f 117 102 103
f 118 103 119
f 120 105 90
f 122 73 91
f 135 117 118
f 137 120 121
f 139 91 123
f 140 123 124
f 152 118 136
f 154 137 121
f 155 139 140
f 156 124 141
f 157 141 158
f 172 138 155
f 174 156 157
f 184 167 168
f 186 170 171
f 187 155 173
f 188 174 189
f 189 157 175
f 199 184 200
f 200 168 185
f 202 186 171
f 221 187 205
f 222 188 223
f 234 217 235
f 236 203 204
f 237 220 221
f 249 233 234
f 264 249 265
f 265 234 250
f 267 251 252
f 269 237 268
f 57 219 269
f 286 253 287
f 300 284 285
f 313 296 314
f 314 297 315
f 6 286 319
f 328 313 314
f 330 317 318
f 25 328 27
f 27 314 30
f 10 9 7
f 11 9 10
f 13 11 12
f 15 13 14
f 15 16 17
f 18 17 19
f 20 19 21
f 22 21 23
f 24 23 25
f 26 25 27
f 33 31 32
f 38 37 5
f 39 38 7
f 40 39 9
f 41 40 11
f 42 41 13
f 42 15 18
f 43 18 20
f 44 20 22
f 45 22 24
f 46 24 26
f 47 26 28
f 48 28 29
f 31 50 49
f 50 31 33
f 51 33 52
f 35 36 58
f 60 59 38
f 61 60 39
f 62 61 40
f 63 62 41
f 63 42 43
f 64 43 44
f 65 44 45
f 66 45 46
f 67 46 47
f 68 47 48
f 69 48 49
f 70 49 50
f 71 50 51
f 74 56 55
f 78 77 60
f 79 78 61
f 80 79 62
f 80 63 64
f 81 64 65
f 82 65 66
f 83 66 67
f 84 67 68
f 85 68 69
f 86 69 70
f 88 87 70
f 89 88 71
f 53 90 89
f 58 75 92
f 94 93 77
f 95 94 78
f 96 95 79
f 96 80 81
f 97 81 82
f 98 82 83
f 99 83 84
f 100 84 85
f 101 85 86
f 102 86 87
f 104 103 87
f 105 104 88
f 106 75 76
f 93 108 107
f 109 108 93
f 110 109 94
f 111 110 95
f 111 96 97
f 112 97 98
f 113 98 99
f 114 99 100
f 115 100 101
f 116 101 102
f 105 120 119
f 92 106 123
f 125 124 106
f 126 125 107
f 127 126 108
f 128 127 109
f 129 128 110
f 129 111 112
f 130 112 113
f 131 113 114
f 132 114 115
f 133 115 116
f 134 116 117
f 136 119 120
f 142 141 125
f 143 142 126
f 144 143 127
f 145 144 128
f 145 129 130
f 146 130 131
f 147 131 132
f 148 132 133
f 149 133 134
f 150 134 135
f 152 151 135
f 137 154 153
f 159 158 142
f 160 159 143
f 161 160 144
f 161 145 146
f 162 146 147
f 163 147 148
f 164 148 149
f 165 149 150
f 166 150 151
f 167 151 152
f 169 168 152
f 169 153 154
f 170 154 121
f 140 156 173
f 176 175 158
f 177 176 159
f 178 177 160
f 178 161 162
f 179 162 163
f 180 163 164
f 181 164 165
f 182 165 166
f 183 166 167
f 186 185 169
f 190 175 176
f 191 176 177
f 192 177 178
f 194 193 178
f 195 194 179
f 196 195 180
f 197 196 181
f 198 197 182
f 199 198 183
f 201 185 186
f 204 203 202
f 173 188 205
f 206 189 190
f 207 190 191
f 208 191 192
f 209 192 193
f 211 210 193
f 212 211 194
f 213 212 195
f 214 213 196
f 215 214 197
f 216 215 198
f 217 216 199
f 201 218 217
f 203 218 201
f 223 206 207
f 224 207 208
f 225 208 209
f 226 209 210
f 228 227 210
f 229 228 211
f 230 229 212
f 231 230 213
f 232 231 214
f 233 232 215
f 217 234 233
f 203 236 235
f 205 222 238
f 239 223 224
f 240 224 225
f 241 225 226
f 242 226 227
f 244 243 227
f 245 244 228
f 246 245 229
f 247 246 230
f 248 247 231
f 249 248 232
f 251 250 235
f 251 236 204
f 238 222 254
f 254 239 240
f 255 240 241
f 256 241 242
f 257 242 243
f 259 258 243
f 260 259 244
f 261 260 245
f 262 261 246
f 263 262 247
f 264 263 248
f 267 266 250
f 238 253 270
f 271 254 255
f 272 255 256
f 273 256 257
f 274 257 258
f 276 275 258
f 277 276 259
f 278 277 260
f 279 278 261
f 280 279 262
f 281 280 263
f 282 281 264
f 283 282 265
f 284 283 266
f 284 267 252
f 287 271 272
f 288 272 273
f 289 273 274
f 290 274 275
f 292 291 275
f 293 292 276
f 294 293 277
f 295 294 278
f 296 295 279
f 297 296 280
f 298 297 281
f 299 298 282
f 299 283 284
f 57 269 301
f 270 286 303
f 304 287 288
f 305 288 289
f 306 289 290
f 307 290 291
f 309 308 291
f 310 309 292
f 311 310 293
f 312 311 294
f 313 312 295
f 316 315 298
f 317 316 299
f 318 317 300
f 57 302 2
f 319 304 305
f 320 305 306
f 321 306 307
f 322 307 308
f 324 323 308
f 325 324 309
f 326 325 310
f 327 326 311
f 328 327 312
f 329 30 315
f 330 329 316
f 52 34 330
f 303 6 4
f 10 8 319
f 10 320 321
f 12 321 322
f 14 322 323
f 17 16 323
f 19 17 324
f 21 19 325
f 23 21 326
f 25 23 327
f 32 329 330
